#Name	N	444	N	447	N	642	N	1678	N	73
hAA2428	1.485	1.671	1.738	0.929	2.328	0.456	2.216	1.489	1.887	1.037
hAC8390	0.563	0.381	1.001	2.025	0.867	1.267	1.163	1.935	2.144	1.18
hAA8690	-0.079	0.214	-0.502	-1.065	0.106	0.437	-0.045	1.375	-0.009	-0.125
hAA0935	-2.544	-2.736	-2.718	-2.964	-2.799	-2.655	-1.801	-2.286	-2.642	-2.734
hAB5300	-1.329	-1.545	-1.38	-1.559	-1.379	-1.987	-1.63	-2.109	-2.069	-2.188
hAD6217	0.629	0.176	0.119	-0.306	0.336	0.902	0.689	2.329	1.3	0.369
hAA2936	-0.093	0.041	0.098	-0.163	0.304	-0.386	-0.828	-1.254	-2.034	-0.498
hAA8634	0.928	0.766	0.396	0.893	1.976	2.878	1.036	2.883	1.743	2.73
hAE0323	0.86	0.774	0.923	1.862	1.45	1.51	0.673	0.666	1.884	2.036
hAB9828	0.406	1.057	0.59	0.13	1.871	2.363	1.154	0.968	1.367	0.815
hAE0057	-1.482	-1.009	-0.46	-1.068	-1.45	-2.565	-1.041	-1.955	-2.411	-3.279
chAD1735	-0.56	-0.76	-0.571	-0.259	-0.706	-0.647	-1.074	-1.941	-0.469	-0.395
hAE0110	0.346	0.622	1.261	2.071	1.328	2.602	1.501	1.934	2.259	-0.167
hAD6296	-0.866	-0.515	-0.581	-0.883	-1.32	-1.737	-2.03	-1.608	-2.366	-0.754
hAB6842	-0.453	-0.117	0.293	-0.297	-0.104	-1.206	-1.085	-2.581	-1.627	-1.24
hAA2914	-0.099	0.57	0.49	-0.911	0.62	-1.977	-0.852	-2.718	-1.971	-1.191
hAA2463	-2.053	-1.639	-1.114	-1.117	-2.591	-2.139	-1.949	-2.662	-3.224	-3.108
hAA8383	-1.088	-0.897	-0.717	0.661	-1.075	-0.204	-2.188	-1.678	-1.561	-1.666
hAB5581	1.405	0.925	1.873	0.825	1.399	2.106	0.664	0.664	0.908	1.749
hAA0971	-1.964	-1.513	-1.411	-0.775	-1.838	-0.423	-1.315	-1.505	-1.851	-2.143
hAA0712	1.765	1.676	2.231	1.093	3.846	1.73	0.687	1.13	0.528	2.155
hAB7595	-0.319	-0.316	-0.253	-0.588	-0.04	-1.703	-0.983	-2.086	-1.667	-1.069
hAA0056	-2.404	-2.211	-1.926	-1.5	-3.584	-2.104	-3.001	-3.209	-3.254	-3.103
hAC8336	1.191	1.434	0.479	0.633	1.605	0.963	1.403	0.657	0.827	2.712
hAA2398	-0.867	-0.776	-0.9	-1.662	-0.502	-2.008	-1.767	-3.252	-2.852	-2.398
hAA2122	-0.815	-0.854	-0.656	-1.094	-1.039	-0.891	-0.229	-1.727	-0.96	-0.228
hAB5919	-1.427	-0.714	-1.276	-0.857	-1.704	-1.065	-1.168	-1.523	-1.54	-0.165
hAA8921	-0.697	-0.919	-0.608	-0.873	-0.617	-0.667	-0.226	-0.786	-0.732	0.567
hAA5491	-0.906	-0.173	0.02	-0.252	-0.22	2.235	1.027	0.986	1.004	1.506
hAC8533	-2.54	-2.873	-2.39	-2.026	-3.828	-2.924	-2.985	-2.911	-2.883	-2.315
hAA8101	-1.074	-1.075	-1.219	-0.813	-1.12	-1.821	-1.267	-2.297	-1.713	-2.03
hAA0064	-0.116	-0.723	-0.344	-1.943	-1.385	-1.728	-1.117	-2.208	-1.486	-2.169
hAA2084	-1.077	-1.248	-1.105	-1.059	-0.771	-1.608	-0.381	-1.162	-0.544	-0.037
hAA1364	0.196	-0.337	0.445	-0.56	0.778	1.226	0.293	-0.654	1.785	-1.319
chAA8189	1.42	1.178	1.278	1.03	1.458	0.342	1.726	1.248	1.656	1.945
hAA0426	0.24	0.25	-0.084	-1.075	-0.251	-2.404	-1.039	-1.951	-2.083	-1.011
hAA8276	-0.427	-0.655	-0.801	-1.08	-0.355	-1.366	-1.515	-1.884	-1.771	-1.404
hAA8267	-0.203	-0.491	-0.308	-0.144	-0.516	1.195	1.478	2.31	5.094	1.472
hAA5098	1.617	1.688	2.181	0.81	1.295	0.588	-0.331	0.174	-0.55	0.783
hAC2965	-1.318	-1.269	-0.476	0.036	-0.176	-1.201	-1.377	-1.059	-1.9	-1.068
hAB1016	0.692	0.831	0.909	1.444	0.775	0.17	1.209	1.095	0.352	0.613
hAA5344	-0.368	-0.667	-0.66	-1.13	-0.761	-1.544	-1.255	-1.37	-1.69	-1.852
hAA2192	-0.278	-0.373	-0.262	-1.162	-0.039	-1.276	-1.208	-1.494	-1.927	-1.322
hAA0246	-0.661	-0.703	-0.545	-0.816	-1.256	-1.346	-0.687	-0.688	-0.98	-2.379
hAA8678	-1.468	-0.894	-0.753	-0.634	-2.695	-1.376	-1.23	-2.4	-2.096	-3.04
hAA8686	-1.253	-1.029	-1.08	-1.337	-2.289	-1.97	-1.526	-2.412	-2.526	-2.09
hAA2044	-0.584	-0.222	-0.217	-0.327	-1.881	-1.525	-0.585	-0.597	-1.442	-1.764
hAB7307	-0.171	0.51	0.635	0.525	-1.333	-1.535	-0.203	-2.245	-1.252	-1.889
hAA8367	1.402	1.075	1.765	0.969	1.198	4.414	0.974	0.884	1.076	0.475
hAC8553	-0.57	-0.563	-0.587	-0.823	-0.245	0.488	0.624	0.624	1.008	1.42
hAA0907	-0.978	-1.193	-1.342	-1.108	-2.412	-2.191	-1.735	-2.548	-2.321	-2.283
hAA8646	-0.289	-0.012	0.231	-0.391	0.308	-1.1	-1.318	-2.173	-2.057	-1.759
hAB7234	-1.091	-1.292	-1.012	-1.29	0.585	-1.562	-1.077	-0.637	-0.147	-0.56
hAA1726	-0.431	-0.463	-0.545	-0.458	-2.518	-2.201	-1.075	-1.671	-2.376	-2.373
hAC8652	1.424	1.736	1.161	1.107	0.249	2.583	3.197	2.46	1.859	0.699
hAB0262	0.092	0.048	0.296	0.265	0.511	-0.554	-0.337	-1.233	-1.376	-0.511
hAC1004	-0.36	-0.34	-0.699	-0.979	-0.468	-1.532	-0.961	-2.232	-1.667	-1.164
hAC0105	-0.851	-0.755	-0.631	-0.787	-2.657	-2.444	-1.314	-1.772	-1.667	-2.417
hAB3593	0.615	0.283	0.912	2.068	0.893	0.45	1.144	2.027	2.187	0.681
hAA9385	-0.777	-0.884	-0.855	-0.661	-0.359	-1.557	-1.342	-1.51	-1.744	-0.108
hAD1806	-1.018	-1.095	-1.273	-1.464	-1.687	-1.335	-0.771	-0.937	-1.258	-1.983
hAE0140	1.019	1.32	1.34	1.018	1.935	1.638	1.398	1.499	1.413	1.987
hAB7176	-0.725	-0.589	-0.604	-1.318	-0.54	-1.146	-1.515	-2.322	-1.826	-1.927
hAE0171	-1.038	-1.506	-1.423	-1.63	-0.673	-2.373	-1.878	-2.381	-3.012	-2.466
chAC2943	-1.066	-0.759	-0.075	-1.05	-0.722	-0.639	0.252	-1.286	-2.692	-0.911
hAB6819	-1	-0.664	-0.16	-0.498	-2.322	-1.318	-0.739	-1.108	-2.198	-2.146
hAC6375	-0.064	0.442	0.047	-1.132	0.448	0.603	-0.192	-0.311	-0.857	-2.03
hAC8297	0.16	0.743	1.004	1.239	-2.181	-1.977	1.084	-1.122	-0.756	-1.487
hAA6735	1.976	2.129	2.049	2.002	2.206	1.496	0.479	0.504	1.132	1.324
hAB9172	2.165	2.452	2.002	1.165	3.073	1.184	1.762	0.761	2.21	0.227
hAA2497	-0.357	-0.229	-0.036	-0.307	0.213	-0.657	-1.094	-0.76	-1.741	-0.494
hAA2439	4.931	5.084	5.177	5.569	4.787	3.702	0.828	1.463	0.968	2.986
hAE0348	-2.047	-1.12	-1.639	-1.171	-1.704	-2.059	-1.599	-2.523	-2.756	0.985
hAA1606	0.305	-0.004	1.328	0.192	0.62	4.498	2.134	1.106	2.359	5.21
hAA0637	0.49	0.867	0.385	0.134	1.063	0.74	0.938	1.265	0.346	1.618
hAA1607	-0.333	-0.258	0.011	-0.932	-0.248	-1.123	-0.773	-1.377	-1.351	-1.139
hAB7223	-1.387	-1.061	-1.097	-1.79	-0.114	-1.224	-1.753	-1.466	-1.676	-1.718
hAA7490	0.395	0.831	0.567	1.155	1.329	1.028	1.396	1.479	1.216	1.125
hAB6874	1.173	0.335	1.018	-0.072	1.026	3.093	-0.602	-0.087	-0.206	0.996
hAA9016	0.429	0.845	0.662	0.385	0.515	1.609	1.307	1.023	2.943	-0.006
hAB0394	1.736	1.538	1.413	0.545	1.279	0.529	0.309	0.102	-0.214	0.899
hAB1754	1.692	1.765	0.93	0.628	1.81	0.783	1.93	1.06	0.952	0.982
hAA9458	2.35	2.36	2.519	2.032	2.027	1.12	-1.212	-0.134	-0.256	-0.158
hAC9431	-1.813	-1.957	-1.471	-0.91	-1.766	-0.05	-0.986	-0.236	-1.044	-0.695
hAA2358	-1.807	-1.722	-1.4	-2.255	-1.361	-2.084	-2.474	-2.259	-2.124	-1.971
hAE0137	0.523	0.6	1.212	1.807	1.673	2.199	2.086	1.526	2.778	1.784
hAB6704	-2.012	-2.238	-1.68	-1.208	-2.977	-2.68	-2.49	-2.102	-3.381	-2.396
hAA5349	2.663	3.128	2.682	1.717	2.413	-0.429	-0.819	0.087	-1.283	-0.013
hAB7794	0.483	1.245	0.683	0.268	0.88	1.267	1.271	2.834	1.092	0.652
hAB6812	1.266	1.566	1.834	2.049	1.648	0.549	-0.281	0.235	1.618	1.835
hAC8124	-1.309	-1.248	-0.73	0.312	-2.874	-2.167	-1.638	-2.032	-0.648	-1.532
hAA9147	0.319	0.845	0.546	0.055	0.381	-0.659	-0.513	-1.496	-1.036	0.387
hAA9202	0.996	1.307	1.522	0.711	1.885	1.606	0.291	1.494	1.592	0.482
hAD1794	0.661	0.479	1.01	1.904	0.774	1.56	1.503	2.494	2.077	1.346
chAA1306	-0.024	0.391	0.343	-0.155	-1.043	0.706	2.032	0.498	-0.913	-0.716
hAA1305	0.466	0.336	0.268	-0.714	1.373	0.362	-0.624	-0.832	-0.841	-1.018
hAB6728	-1.046	-1.053	-1.143	-1.69	-2.806	-1.994	-2.286	-2.582	-2.077	-0.602
hAA5074	1.645	1.74	1.96	1.41	1.702	0.575	-0.744	-1.542	-0.626	-0.419
hAB7404	1.128	0.688	0.225	0.189	0.813	0.793	0.636	2.452	0.389	0.518
hAA8485	-0.834	-0.576	-2.224	-2.427	1.016	1.605	-0.803	1.846	2.103	-1.9
hAA9146	-0.701	-0.68	-0.744	-0.597	0.037	-0.801	-0.484	-0.306	-0.788	1.104
hAA0889	-1.526	-1.46	-1.792	-1.795	-1.542	-1.825	-0.563	-1.315	-1.16	-0.506
hAA0323	-4.238	-4.921	-5.211	-4.644	-5.796	-5.211	-4.966	-4.351	-5.644	-4.54
hAB7211	-2.9	-4.059	-4.012	-4.796	-5.211	-3.776	-4.211	-4.322	-4.756	-3.308
hAA1053	-0.556	-0.47	-0.344	-0.995	0.025	-1.422	-1.352	-2.213	-1.661	-1.069
hAE0032	0.802	1.693	1.745	0.981	-0.088	0.404	-0.537	-1.699	-0.338	-0.231
hAB4966	0.048	-0.245	0.154	0.977	1.83	0.204	-1.252	-0.184	0.066	-0.826
hAE0310	0.152	0.08	0.165	-0.265	0.322	-0.091	0.709	0.14	0.429	1.19
hAA0338	-0.635	-0.474	-0.697	-0.252	-0.326	-0.296	-1.428	-1.191	-1.597	-0.868
hAB7101	1.196	1.532	2.056	1.497	2.821	1.554	1.782	1.153	0.614	1.717
hAB7104	2.017	1.974	2.534	1.961	1.774	2.889	0.552	0.897	0.783	0.981
hAA6809	0.343	-0.846	-0.375	0.064	0.381	1.685	1.739	0.877	1.761	0.827
hAA0270	0.874	1.287	1.25	1.567	1.552	2.026	1.126	2.748	2.202	1.92
hAD1733	0.592	0.419	0.881	1.57	0.793	0.312	0.98	1.558	1.876	0.742
chAA8399	-0.16	-0.029	-0.041	-1.06	0.354	-0.781	-1.089	-1.393	-1.158	-0.657
hAA1620	0.596	1.623	0.724	0.461	0.897	2.308	1.219	3.826	2.973	0.44
hAA2102	-2.02	-2.124	-1.814	-1.215	-1.823	-2.158	-1.084	-2.011	-1.396	-2.722
hAA0943	0.168	-0.46	-0.374	-1.372	-0.127	-1.446	-1.165	-1.932	-1.765	-1.573
chAA8572	0.104	-0.409	-0.037	-1.093	-1.029	-1.095	-0.884	-1.983	-1.532	-1.95
hAD1370	0.315	-0.633	-0.683	-1.135	-0.673	-1.496	-0.941	-2.25	-2	-1.059
hAE0030	-0.333	-1.023	-0.519	-1.45	-1.37	-1.889	-1.498	-2.231	-0.773	-1.868
hAA2288	-1.346	-1.048	-1.273	-0.523	-1.867	-2.52	-1.533	-2.189	-1.957	-1.498
hAA5399	-0.66	0.076	-0.083	-0.8	-2.724	-2.599	0.946	-1.339	-1.51	-2.136
hAA1432	0.179	0.373	0.362	0.375	0.631	-0.524	-0.737	-1.363	-1.786	-0.98
hAC8172	-0.764	-1.121	-1.431	-1.589	-1.75	-1.922	-2.162	-2.12	-1.599	-1.891
hAD1130	-1.341	-1.195	-1.213	-0.993	-2.454	-1.89	-1.817	-1.215	-1.168	-1.417
hAD4094	0.109	-0.53	-0.212	-0.605	-0.497	-1.871	-1.643	-1.914	-2.035	-1.701
hAB7374	-2.452	-2.323	-2.408	-2.45	-2.96	-3.064	-3.036	-2.928	-2.832	-3.147
hAA8154	-0.196	-0.252	-0.46	-0.877	-1.222	-1.842	-0.431	-0.743	-1.129	-0.334
hAC1895	2.32	1.77	1.657	2.253	2.548	1.217	1.118	1.373	1.199	2.258
hAB7154	-1.099	-1.307	-1.532	-1.702	-2.688	-1.957	-1.542	-1.794	-1.935	-1.94
hAB8724	-0.807	-0.734	-0.977	-1.614	-0.812	-1.153	-1.567	-2.026	-2.517	-0.509
hAA1497	-0.778	-0.835	-0.98	-1.006	-1.643	-2.996	-1.245	-2.197	-1.876	-2.04
hAC0119	-0.484	-0.39	-0.155	-0.713	-0.246	-1.012	-0.808	-1.766	-1.322	-0.442
hAA8636	-0.523	-0.756	-0.839	-1.311	-0.771	-1.333	-1.37	-1.69	-1.311	-1.591
hAC3956	-1.032	-1.085	-1.367	-2.525	-1.234	-1.654	-1.346	-1.693	-2.396	-1.571
hAB8078	1.026	1.903	1.085	-0.238	1.929	1.751	1.382	0.869	0.566	-0.595
hAA2143	-0.111	0.294	0.815	-0.606	0.462	0.589	-0.813	-1.831	-2.49	-1.617
hAC7947	0.707	1.329	0.548	0.038	1.593	0.951	0.052	0.401	1.643	2.812
hAA8992	-1.763	-1.154	-0.832	0.131	-3.582	-2.245	-2.846	-2.207	-2.159	-2.631
chAA1317	5.306	5.529	5.498	5.954	4.921	5.419	4.33	3.957	3.483	4.745
hAA0825	-0.672	-0.147	-0.369	-0.417	-0.272	-0.672	-0.61	-1.806	-1.674	-0.949
hAA3143	-0.409	-0.154	-0.293	-0.171	0.715	2.013	0.629	1.188	0.994	0.557
hAA3579	-0.761	-0.274	-0.561	-0.108	-1.826	-3.035	-1.026	-2.315	-1.556	-1.105
hAC7728	0.2	0.086	-0.04	0.544	0.108	0.968	1.715	1.891	1.514	0.567
hAA1334	0.127	0.676	0.613	-0.009	-0.128	-1.889	-1.89	-0.638	-0.925	0.371
hAA0420	-0.93	-0.564	-0.748	-0.384	-1.263	-1.259	-1.443	-0.556	-1.237	-0.564
hAB7177	4.376	3.3	3.783	1.941	1.585	0.696	0.721	0.238	1.068	0.491
hAA1032	-0.03	0.482	0.253	-0.05	0.602	0.171	1.716	1.288	0.572	0.298
hAA1130	2.403	2.612	2.473	1.84	3.495	1.759	1.576	0.968	2.246	3.393
hAA0274	2.306	2.692	2.885	2.515	2.532	2.515	1.777	1.339	1.239	1.571
hAA8505	1.449	1.092	1.063	1.428	2.024	3.433	1.793	2.959	2.523	2.766
hAE0053	0.521	0.69	0.561	1.551	-0.438	0.244	0.873	0.855	0.647	0.515
hAA1278	-0.433	-0.228	0.141	-0.236	0.013	-1.135	-1.346	-2.018	-1.757	-0.469
hAA0491	2.024	1.676	2.003	2.121	2.189	2.517	1.167	0.458	0.753	1.126
hAA0947	2.17	2.236	1.983	1.81	2.294	2.423	0.71	0.369	1.541	0.581
hAA2309	2.369	2.403	3.065	2.068	2.124	3.764	1.752	0.976	1.591	1.683
hAB7244	1.247	1.043	0.746	-0.294	1.462	1.66	-0.276	-1.149	1.593	0.432
hAB1023	-0.559	-0.524	-0.867	0.082	-0.394	-1.374	-0.851	-1.276	-1.283	-0.461
hAA0222	-1.29	-1.211	-1.218	-1.322	-2.377	-1.502	-0.778	-0.277	-0.996	-0.678
hAA1971	1.234	0.87	1.126	1.374	2.051	1.499	2.088	2.49	2.719	1.823
hAA1155	2.883	2.434	2.903	2.59	3.1	3.202	0.477	0.991	1.11	3.237
hAA6466	-0.072	0.229	0.064	0.255	0.462	-0.454	1.215	-0.241	-0.085	1.143
hAA2380	-2.464	-1.949	-2.952	-2.478	-3.161	1.174	-1.361	-2.355	-0.768	-2.159
hAA0301	0.703	0.175	0.071	-0.943	0.269	-0.394	-0.689	-1.819	-2.646	-1.504
hAA1214	2.122	2.648	2.834	0.879	2.649	2.034	0.722	0.144	0.185	1.04
hAA2346	-0.193	-0.144	-0.11	0.083	0.544	2.307	1.002	1.895	3.342	1.182
hAB4176	0.797	-0.15	0.48	0.84	1.657	0.754	2.282	1.504	2.209	3.175
hAA1355	0.116	-0.152	-0.181	-0.026	0.278	3.08	1.383	0.97	2.506	0.658
hAC1977	2.606	0.945	1.559	1.543	3.045	2.218	0.791	2.202	1.803	2.479
hAA8264	0.931	0.438	0.625	1.122	1.157	0.834	1.291	0.19	0.416	1.562
hAA1216	2.632	2.516	3.103	3.053	2.398	1.184	0.71	0.564	1.418	1.086
hAA1213	0.458	0.336	0.232	0.823	1.605	0.674	0.867	1.165	2.2	0.724
hAA9096	0.322	-0.16	0.101	0.367	-0.263	-1.812	-1.229	-1.445	-1.337	0.296
hAA0252	4.283	4.085	4.085	3.337	4.667	4.66	2.454	5.285	5.609	5.164
hAB6727	2.18	2.84	2.598	2.656	1.467	2.427	1.544	1.134	1.859	1.411
hAB7183	2.858	2.451	3.138	2.59	1.229	2.268	-0.071	0.952	1.772	1.712
hAA8236	1.004	0.94	0.716	0.152	1.924	0.938	0.316	0.295	1.935	-0.059
hAE0314	-3.699	-3.662	-3.308	-2.966	-3.626	-1.671	-3.662	-3.265	-4.158	-2.9
hAA9063	2.568	2.201	1.846	1.107	2.098	2.87	1.716	1.731	1.809	1.173
hAA5058	-0.764	-0.96	-1.158	-1.821	-0.86	-1.747	-0.857	-2.506	-2.68	-1.582
hAA2321	1.913	2.817	2.766	3.228	2.095	2.478	1.519	0.054	1.794	1.519
hAB7103	-1.617	-2.796	-1.265	-1.889	-2.252	-0.211	-1.318	0.447	-1.708	-2.102
hAA1898	-2.511	-2.481	-2.585	-2.947	-0.427	0.11	-1.377	-0.253	-0.902	-3.048
hAD1695	-1.97	-2.181	-2.172	-2.506	-1.924	-1.333	-2.39	-2.106	-3.186	-2.319
hAD1714	3.843	2.935	4.155	3.519	4.267	5.018	4.54	3.89	5.378	2.174
hAC8207	0.61	0.596	0.728	1.074	1.301	0.998	0.594	2.031	2.144	2.034
hAA0306	1.115	0.521	1.034	1.211	1.485	0.863	-0.432	1.688	1.547	-1.401
hAA0308	3.465	3.193	3.627	3.238	3.179	0.859	1.527	0.674	0.467	0.638
hAA0044	-3.293	-3.517	-3.381	-2.839	-3.776	-3.821	-4.065	-3.485	-4.23	-3.692
hAD1534	-2.964	-2.118	-2.197	-1.539	-3.203	0.141	-2.176	0.913	-1.218	-1.201
hAE0044	0.525	0.338	1.11	0.325	1.3	-0.946	-0.595	-1.4	-1.047	1.833
hAD6182	0.497	0.354	-0.302	-1.347	0.478	-1	-2.575	-3.029	-1.756	-2.303
hAA7743	0.614	0.754	0.49	-0.041	1.583	2.654	1.723	1.217	1.668	0.587
hAA1619	-0.168	-0.5	-0.072	-0.688	-0.017	-1.546	-0.844	-1.795	-2.124	-1.071
hAE0014	1.244	1.563	0.934	-0.176	0.945	1.568	0.971	2.092	0.993	0.698
hAC9024	1.564	2.398	2.125	1.021	3.258	2.468	1.551	1.023	1.278	1.612
hAE0098	2.878	2.568	2.189	1.296	3.176	4.731	3.384	4.864	3.309	4.631
hAD9954	0.557	0.108	0.74	1.896	0.783	1.822	1.259	2.177	2.478	1.162
hAD1856	0.085	-0.373	0.138	1.625	-0.183	0.448	0.534	3.116	1.823	0.364
hAA8118	-0.039	0.047	0.393	-0.498	0.514	1.733	0.059	0.534	1.289	0.041
hAA7332	-0.046	-0.665	-0.651	-1.348	-0.554	-1.732	-1.187	-1.895	-1.869	-1.734
hAC8420	0.551	0.196	0.144	1.075	1.181	2.43	1.888	2.366	1.682	0.64
hAB6253	-0.942	-0.472	-0.994	-0.537	-1.047	-1.117	-1.831	-1.194	-2.041	-0.821
hAA1251	0.785	0.427	0.503	0.045	0.96	1.109	0.16	1.396	2.607	2.713
hAA7686	-0.245	-0.072	-0.55	0.016	1.012	2.422	2.817	3.447	4.513	2.541
hAA0098	0.461	0.371	1.29	0.15	1.106	0.954	0.582	0.964	1.283	0.574
hAA8491	-0.849	-1.089	-1.556	-1.569	-2.041	-1.498	-1.245	-0.751	-1.51	-1.462
hAA0883	0.598	0.222	0.498	0.781	0.445	0.514	1.361	0.635	0.981	0.265
hAA0099	0.092	-0.081	0.847	0.735	1.065	1.992	1.649	3	3.466	0.643
hAE0187	0.599	0.441	0.642	0.937	2.978	1.044	0.724	-0.219	2.292	1.931
hAB3632	0.497	0.474	0.512	1.996	0.023	0.76	0.757	1.066	1.462	2.435
hAA8643	-0.065	-0.464	-0.252	-0.362	1.811	1.146	-0.009	0.102	2.393	1.457
hAA2205	0.768	-0.236	-0.637	-0.353	0.657	1.464	1.199	1.262	0.789	0.273
hAB6931	-1.171	-1.24	-0.974	-0.96	-1.938	-0.196	-1.245	-1.523	-1.927	-1.37
hAD9944	0.021	0.553	0.185	0.441	-0.189	0.672	0.848	1.835	1.945	-0.442
hAD9989	0.821	0.205	0.791	1.79	2.413	3.076	4.382	3.257	2.992	3.887
hAA8258	-1.747	-1.231	-1.685	-1.653	-2.023	-1.713	-1.47	-1.561	-0.813	-2.095
hAB6701	0.684	0.809	0.083	1.171	1.303	0.29	0.813	1.838	0.862	1.18
hAE0268	0.455	0.46	0.25	1.592	0.365	1.314	1.62	2.059	1.613	0.582
hAA8618	1.996	2.458	1.623	1.522	3.179	2.415	1.648	2.781	2.27	1.418
hAA8207	-0.776	-1.023	-0.742	-0.134	-2.102	-1.905	-2.127	-1.318	-0.694	-0.431
hAE0262	0.215	0.282	0.312	-0.262	0.176	0.724	-0.423	2.179	0.336	0.316
hAE0114	2.147	2.397	1.605	0.94	3.122	3.259	1.842	3.904	3.381	3.346
hAC8370	-0.118	-0.215	0.033	-0.535	0.095	2.222	1.613	0.036	0.557	0.137
hAA0184	-2.766	-1.771	-1.392	-2.718	-3.07	-1.89	-2.123	-2.706	-2.241	-3.352
hAA8985	-0.231	-0.084	-0.331	-0.924	-1.5	0.588	0.418	1.4	3.562	0.348
hAB9309	-0.621	-0.351	0.037	-0.732	-0.342	-2.041	-0.537	-1.427	-2.329	-0.806
hAA0182	0.886	1.005	1.312	0.828	1.448	0.065	-0.567	-0.333	0.831	-1.548
hAA2299	-1.136	-0.667	-0.96	-0.45	-1.515	-1.821	-0.994	-2.322	-1.811	-0.857
hAB7213	-0.993	-1.058	-0.978	-1.176	-1.037	-1.276	-0.752	-1.478	-1.611	-0.557
hAA2300	0.947	1.712	2.086	2.201	2.797	1.17	-0.845	-0.218	-0.963	0.958
hAA2296	-0.469	-0.619	-0.463	-0.467	-0.3	-1.71	-0.954	-1.724	-1.431	-1.466
hAA0196	1.707	2.383	1.644	1.35	2.689	2.317	1.688	1.804	1.386	2.73
hAA0603	-0.775	-0.657	-0.502	-1.528	-0.509	-1.905	-1.434	-2.468	-2.073	-1.938
hAB7212	-1.517	-1.883	-1.972	-2.124	-1.829	-1.648	-1.615	-2.325	-1.806	-2.291
hAA5360	2.763	2.796	3.317	2.109	3.026	1.382	0.44	0.48	-0.278	0.843
hAA8358	1.187	1.391	1.743	1.482	3.026	1.172	0.833	0.838	1.154	-0.206
hAD1106	-0.897	-1.837	-1.695	-2.233	-1.912	-1.452	-0.933	-1.4	-1.089	-2.056
hAB5367	0.008	0.587	-0.318	0.332	0.566	-0.09	-1.04	-0.605	-1.704	-0.476
hAA2256	-2.632	-2.111	-2.425	-0.979	-2.392	-0.685	-0.786	-0.721	0.151	-1.628
chAA2114	-1.14	-1.182	-0.725	-1.3	-1.113	-0.845	-0.993	-1.514	-1.926	-2.124
hAA1600	-1.681	-1.953	-1.835	-1.306	-2.26	-1.998	-1.053	-1.958	-1.572	-2.909
hAA8716	1.156	1.408	1.386	0.729	1.882	1.163	0.757	-0.723	1.219	1.603
hAA1171	-0.525	-0.441	-0.445	0.028	-0.599	-1.518	-0.619	-2.056	-2.179	-0.948
hAC3092	-2.076	-2.05	-1.849	-1.206	-2.153	-1.647	-1.108	-1.743	-2.091	-1.965
hAC8090	1.011	0.27	0.437	0.835	1.397	1.87	3.607	0.419	-0.003	0.429
hAC8490	0.719	1.47	2.533	0.054	0.526	0.622	1.776	-0.629	0.93	1.097
hAA5338	1.004	0.767	0.873	1.432	1.11	0.997	1.487	-0.032	1.615	0.726
hAD9955	-1.868	-1.599	-2.211	-2.381	-2.747	-1.761	-0.61	-0.764	-1.175	-1.708
hAA0635	-0.522	-0.153	-0.42	-0.338	-0.618	-2.001	-0.527	-2.175	-1.894	0.693
hAE0147	1.336	1.163	1.188	1.381	1.765	1.695	1.896	1.11	2.064	1.334
hAA0863	-1.766	-1.84	-2.175	-1.543	-2.859	-3.037	-2.303	-2.296	-2.581	-2.806
hAA0057	-3.083	-3.737	-3.386	-3.523	-4.443	-4.332	-3.868	-4.359	-4.761	-4.16
hAB7378	0.565	0.477	0.556	-0.354	-0.244	1.131	2.344	0.556	0.74	2.33
hAA8693	-2.158	-1.482	-2.351	-1.373	-1.742	-1.582	-1.165	-0.997	-1.591	-1.012
hAB6743	1.361	1.331	0.956	1.215	-0.375	2.69	1.623	2.481	3.456	1.153
hAA8249	-0.825	-1.142	-1.176	-0.984	-1.761	-2.628	-1.673	-2.304	-2.025	-1.965
hAA1391	-1.029	-1.203	-1.103	-0.953	-0.993	-0.852	-0.808	-1.319	-2.211	-1.339
hAA2221	-0.957	-0.829	-0.839	-1.146	-0.989	-0.924	-1.304	-2.404	-0.744	0.388
hAA1543	0.068	0.003	0.218	0.044	0.287	-1.026	-1.811	-2.191	-1.68	0.118
hAA1060	-0.836	-0.985	-0.767	-1.943	-0.881	-1.544	-2.214	-1.774	-1.944	-2.181
hAA1083	-1.183	-1.248	-1.469	-0.693	-0.29	-0.977	-1.63	-1.453	-1.72	-1.834
hAB6711	-0.803	-1.318	-2.089	-2.152	-0.697	-1.45	-1.152	-1.662	-1.454	-1.667
hAE0446	-0.86	-1.062	-1.071	-1.786	-0.829	-2.548	-0.446	-1.171	-0.72	-1.318
hAA2577	-0.826	-0.715	-0.687	0.007	-0.68	-1.704	-0.383	-0.628	-1.407	0.094
hAA5422	-0.619	-1.211	-0.844	-1.095	-0.876	-1.694	-0.876	-2.258	-1.671	-2.245
chAA6160	-1.991	-1.703	-1.588	-1.969	-2.411	0.36	-0.201	0.167	-0.189	-0.154
hAC5767	-1.245	-0.878	-1.283	-1.873	-0.191	-1.438	-0.969	-1.279	-1.089	-0.626
hAB7181	-1.056	-1.053	-1.023	-1.494	-1.149	-2.158	-1.801	-2.955	-2.315	-2.279
hAE0024	0.279	0.388	-0.02	-0.504	0.709	0.178	1.324	0.708	0.839	1.959
hAE0029	-1.117	-1.561	-1.3	-2.023	-1.873	-1.304	-0.292	-0.272	-0.338	-1.955
hAB0290	-0.336	-0.355	-0.168	-0.563	-0.199	-0.759	-0.997	-1.077	-1.635	-0.783
hAE0318	0.515	0.804	-0.218	0.357	0.713	1.072	1.081	2.277	1.755	1.1
hAA1093	-0.6	-0.549	-0.493	-0.345	0.33	-0.378	-2.195	-0.953	-1.087	0.177
hAD9932	-1.69	-1.737	-1.482	-1.442	-1.708	-1.544	-1.863	-1.751	-2.158	-2.506
hAA5073	-2.582	-3.108	-2.582	-0.771	-3.252	-2.49	-3.047	-1.423	-2.955	-2.373
hAA9966	-0.344	-0.271	-0.381	-0.825	-0.286	0.099	1.157	-0.206	-0.492	-0.179
hAB0724	1.075	1.325	1.083	0.107	1.159	1.018	2.554	1.603	1.786	1.934
hAA8990	-0.627	-0.471	0.636	0.805	-1.252	2.044	1.455	0.745	1.97	-0.449
hAA2424	1.664	2.627	3.546	2.28	2.374	1.242	1.966	0.027	0.887	1.48
hAA9237	-1.391	-0.925	-0.91	-0.835	-2.52	-2.017	-1.155	-0.991	-1.136	-1.401
hAB6734	-2.634	-2.346	-2.416	-1.56	-2.189	-0.441	-0.705	-1.443	-0.318	-1.234
hAB2848	-0.446	-0.466	-0.464	-0.497	-0.686	-1.429	-1.205	-2.177	-1.481	-1.916
hAB6747	-0.264	0.1	0.281	-0.369	-0.964	-0.798	-0.308	-1.627	-1.155	-1.678
hAA2047	-0.629	-0.535	-0.473	-1.083	-0.678	-0.543	0.181	-1.021	-0.719	-0.489
hAA8043	-0.158	-0.151	0.337	-0.816	0.485	-1.253	-2.452	-2.857	-3.142	-1.797
hAA0248	-1.333	-1.279	-1.488	-1.569	-1.091	-1.28	-1.466	-1.476	-2.083	-1.206
hAA0237	-0.415	-0.819	-0.171	-1.248	0.022	-1.523	0.216	-1.11	-1.964	-0.736
hAC8078	-0.634	-0.563	-0.207	-0.232	-1.632	0.964	-0.132	2.041	1.309	-0.035
hAA1004	-0.534	-0.52	-0.27	-0.497	-0.002	1.405	1.492	2.405	1.258	-0.386
hAD0628	0.24	1.374	2.506	-0.285	0.342	0.923	1.871	-0.283	0.706	0.37
hAC4495	0.521	0.811	1.013	0.524	0.686	0.437	0.913	1.3	1.856	1.143
hAE0048	-0.87	-0.458	-0.685	-1.318	-0.306	0.072	-0.407	-1.466	-0.834	-0.657
hAA8301	0.807	0.916	0.397	1.186	0.755	2.637	1.312	3.74	2.071	0.31
hAB7410	-0.742	-0.749	-0.761	-1.34	-0.267	-1.756	-1.086	-2.358	-1.531	-0.39
hAD1816	-0.051	-0.016	0.512	0.85	-0.176	0.167	1.717	-0.434	-0.924	-0.514
hAA2408	-0.651	-0.778	-0.657	-1.411	-0.446	-1.816	-0.857	-1.842	-1.699	-0.556
hAB7239	0.584	0.597	0.229	0.041	0.331	0.687	0.514	2.065	1.664	0.379
hAA0655	-0.594	-0.752	-0.748	-1.526	-1.919	-0.842	-0.446	-0.577	-0.917	-2.171
hAA4797	1.028	1.8	1.772	1.698	3.427	2.23	1.462	0.245	1.355	1.205
hAA9085	0.744	0.647	0.739	0.63	1.267	-0.657	0.914	0.228	-0.39	0.888
hAA1528	-0.533	-0.711	-0.436	-0.673	-0.626	-1.776	-0.761	-1.155	-1.012	-0.462
hAB0832	-0.388	-0.224	-0.355	-0.567	-0.436	-1.272	-0.773	-1.713	-2.191	-1.694
hAA2334	0.839	0.674	0.893	1.698	1.302	1.022	1.14	2.441	1.638	1.185
hAC3281	-0.506	-0.442	-0.281	-0.031	-0.751	-0.667	-0.808	-1.279	-0.971	-1.837
hAA8996	-0.434	-0.715	-0.402	-0.664	-0.386	0.934	1.072	1.979	2.026	1.196
hAB7050	-0.561	-0.107	0.917	-0.977	0.269	1.804	0.226	0.255	1.741	0.324
hAA0179	1.361	1.516	0.909	1.028	2.476	2.276	1.754	1.195	1.726	0.706
hAA1436	-0.381	0.046	0.27	-0.212	-0.187	-1.144	-0.409	-1.161	-1.281	-0.81
hAB6778	1.248	1.514	1.894	1.059	1.54	1.452	-0.093	1.302	1.049	0.71
hAA8966	-0.201	0.118	0.545	-0.529	0.18	-0.567	-0.539	-2.032	-1.798	-1.438
hAE0301	-1.032	-0.803	-1.014	-1.434	-2	-2.204	-1.083	-1.146	-1.613	-0.982
hAA0602	0.439	0.543	0.671	-0.932	-0.039	-0.87	-1.001	-1.772	-0.356	-1.435
hAE0012	-0.347	-0.368	-0.302	-1.252	-0.421	-0.167	-0.233	-1.099	-0.55	-0.056
hAD1880	-0.935	0.14	0.111	-0.227	0.863	3.599	-0.237	0.565	1.669	2.167
chAC0995	0.335	1.055	0.93	0.88	1.465	-0.132	-1.035	-1.985	-1.975	1.224
hAE0207	0.636	1.163	1.083	1.249	2.206	2.761	2.394	0.867	1.679	0.367
hAA8135	-2.329	-2.149	-2.616	-2.652	0.072	-0.763	-0.987	-2.036	-1.203	-3.321
hAD1046	-0.255	-0.203	-0.096	0.142	-0.528	-1.291	-0.696	-1.283	-1.45	-0.813
hAB1010	-0.371	-1.062	-0.963	-0.697	-0.987	-0.684	-1.395	-1.129	-1.327	-1.743
hAC7867	1.407	1.362	1.721	0.963	1.751	1.376	0.046	1.13	0.948	0.656
hAA1562	0.159	0.37	-0.039	-0.078	0.602	0.668	0.23	1.464	0.423	0.435
hAA1267	0.521	0.437	0.913	1.793	0.053	2.484	1.595	1.521	1.981	0.6
hAE0101	0.136	0.026	0.153	0.872	0.704	0.905	1.944	1.195	3.186	2.249
hAA2257	-1.732	-1.82	-1.513	-0.782	-2.482	-0.334	-0.785	-0.868	-0.073	-2.56
hAA5023	0.347	0.306	0.728	0.455	0.507	-1.182	-0.102	-0.994	-1.16	0.161
hAA1487	-1.325	-1.19	-1.185	-0.483	-1.599	-1.145	-1.873	-0.992	-1.132	-1.317
hAA0289	1.468	0.884	0.763	1.015	1.891	1.635	0.657	1.35	1.03	1.957
hAA0295	1.116	1.88	0.454	0.37	1.77	0.742	0.642	1.912	0.576	0.459
hAC8095	0.205	0.407	0.55	0.402	0.109	0.441	1.319	-0.139	-0.057	-0.161
hAA2258	-0.593	-0.683	0.345	-1.727	1.087	1.228	1.007	1.964	1.353	0.474
hAA9101	-1.252	-1.181	-1.241	-1.921	-0.245	-0.943	-0.986	-1.983	-3.336	0.162
hAB7007	-0.913	-0.886	-1.083	-2.381	-0.685	-1.791	-1.591	-1.821	-1.123	-0.494
hAB5215	-0.134	-0.17	-0.378	-1.435	-0.469	-2.083	-1.226	-1.601	-1.63	-1.523
hAA0732	1.462	1.496	1.538	1.268	0.907	1.751	1.325	1.401	0.658	1.835
hAA8844	0.364	-0.492	-0.368	0.914	0.435	-0.051	1.016	0.411	0.211	0.32
hAD1440	0.856	1.167	1.056	0.667	2.703	1.163	1.492	1.016	1.178	3.212
hAA0076	2.216	3.046	2.682	2.02	4.788	-0.172	-0.184	0.499	0.065	0.647
hAB7383	-0.219	-0.458	-0.371	-1.123	-0.771	-1.133	-0.621	-1.279	-0.699	-1.05
hAA7434	1.709	2.084	2.347	1.87	2.036	-0.311	-1.726	-2.454	-2.013	-1.552
hAE0426	0.118	0.837	0.517	0.368	1.569	2.88	0.946	1.191	3.205	0.611
hAA2215	0.148	-0.206	-0.204	-1.591	-0.252	-1.653	-1.056	-2.12	-1.916	-0.725
hAB5814	1.764	1.456	1.516	1.926	2.997	1.843	2.231	2.655	1.354	3.427
hAD9986	0.096	-0.183	-0.211	-1.102	1.249	-0.563	0.185	0.634	0.418	-0.028
hAA9060	1.218	0.881	0.44	0.244	2.963	3.556	1.952	3.541	3.866	2.855
hAC5751	1.001	0.587	1.145	2.439	1.995	1.248	2.049	2.069	1.979	0.251
hAB1329	-0.173	0.174	1.059	0.185	0.219	1.912	0.588	1.827	2.187	1.176
hAC0092	0.075	0.054	0.001	0.013	0.166	-0.037	-1.006	-1.358	-1.014	-0.952
hAB6836	0.181	0.303	0.043	0.057	0.403	1.437	1.449	1.309	1.404	0.7
hAA0332	-0.56	-0.602	-0.641	-1.22	-1.711	-1.786	-1.111	-1.874	-1.902	-1.516
hAA7697	-0.684	-0.863	-0.599	-1.079	-0.617	-1.462	-0.073	-2.852	-1.787	-2.315
hAA0018	-0.742	-0.794	-0.628	-0.87	-1.09	-2.228	-2.303	-2.495	-2.45	-3.46
hAC9860	-2.311	-1.553	-1.884	-1.757	-1.998	-1.575	-2.165	-1.009	-1.536	-1.969
hAB5835	0.162	0.544	0.27	0.088	0.913	2.118	1.539	2.096	1.461	0.269
hAE0059	-0.233	0.362	-0.271	-0.876	0.769	-1.336	-1.842	-1.08	-0.791	-1.407
hAB9130	-0.813	-0.044	0.17	0.536	-0.805	-0.212	-1.144	-1.395	-1.873	-1.003
hAC7687	-0.141	0.193	0.296	-0.435	0.447	2.347	1.471	1.232	1.854	1.357
hAA1049	1.258	1.169	0.846	0.058	2.017	4.246	3.354	3.557	2.883	2.812
hAA1279	-0.696	-0.288	0.013	-0.039	-0.153	-1.365	-1.569	-2.561	-1.864	-0.621
hAC0905	1.1	1.293	0.791	0.283	1.975	0.938	1.435	1.604	1.019	0.881
hAA2382	0.596	0.616	0.485	0.348	1.154	0.768	0.552	1.469	1.485	1.368
hAD0994	2.686	2.739	2.615	1.056	3.122	1.702	1.384	2.204	1.64	1.615
hAA0948	1.214	1.043	0.98	0.721	1.73	2.343	2.345	2.391	2.985	1.869
hAA8584	0.957	1.113	1.29	0.518	2.003	0.814	0.645	0.119	0.393	1.895
hAC6779	0.532	0.573	0.108	-0.011	1.047	1.287	1.019	0.995	1.748	1.247
hAA2841	-2.095	-2.211	-2.315	-2.141	-1.375	-1.776	-1.351	-0.592	-0.905	-0.836
hAA8592	1.888	1.611	1.706	0.942	2.427	1.696	1.721	1.381	2.223	1.621
hAA0336	-0.469	0.043	1.567	0.283	0.393	-1.218	-0.609	-1.227	-2.276	-0.382
hAA1184	-0.904	-1.299	-1.232	-1.781	-0.656	-1.321	-1.816	-1.322	-1.562	-1.196
hAE0190	2.656	1.662	2.446	2.371	3.782	2.663	0.728	1.521	2.167	2.43
hAC0962	2.969	2.313	2.403	1.852	2.56	1.522	1.117	1.589	1.45	2.053
hAC8442	-1.026	-0.796	-1.452	-0.964	-1.191	-2.093	-0.827	-0.918	-1.18	-1.103
hAA0262	-2.54	-2.011	-2.503	-3.079	-3.245	-1.003	-1.62	-1.146	-2.974	-1.622
hAA2260	1.392	3.039	3.565	1.432	2.115	0.03	0.629	-0.657	0.576	2.524
hAA9100	0.253	-0.12	-0.252	-0.949	0.492	-1.949	-1.178	-2.238	-2.857	-1.396
hAA0953	-0.353	-0.183	-0.18	-0.912	-1.496	-1.863	-0.716	-1.26	-1.631	-1.795
hAA5026	0.575	0.606	1.984	0.391	1.706	1.292	0.428	-0.011	0.622	2.178
hAA3784	0.905	0.792	0.995	0.955	1.74	0.199	0.931	1.124	0.194	1.126
hAA3640	4.596	3.772	4.273	3.498	4.686	2.503	1.742	3.722	2.83	5.068
hAA2499	-0.001	0.004	-0.092	-0.476	-0.55	0.958	0.543	1.683	1.361	0.134
hAA9018	1.654	1.977	3.039	1.18	1.87	1.12	0.352	0.564	1.9	1.711
hAD1705	1.084	0.717	1.635	2.257	1.274	0.418	0.787	1.952	1.635	0.531
hAA3062	1.273	1.197	1.214	0.93	1.802	0.479	0.572	0.178	-0.651	1.956
hAA1110	-2.885	-2.384	-1.623	-2.243	-3.676	-2.082	-2.886	-1.864	-2.883	-3.413
hAA2434	-1.175	-1.119	-1.071	-0.927	-0.884	-0.861	-0.672	-0.451	-0.784	-2.49
hAA2452	-1.063	-0.732	-0.87	-1.141	-1.933	-1.217	-1.339	-1.179	-2.047	-0.846
hAA8381	-0.567	-0.665	-0.623	-0.085	-0.696	0.358	-0.523	0.549	0.818	0.182
hAA9203	0.212	0.633	0.662	-0.241	0.891	1.981	1.297	0.803	2.111	0.381
hAC9667	0.016	-0.382	-0.402	-0.983	1.701	4.271	3.625	3.241	3.484	4.177
hAA0259	-1.871	-1.405	-1.236	-0.784	-0.647	-1.288	-1.643	-1.195	-1.031	-1.047
hAA5534	1.435	1.616	1.675	1.575	1.537	1.935	1.822	1.162	1.475	1.45
hAA0074	-0.042	-0.295	-0.243	-0.023	-0.629	0.203	-0.151	-0.068	0.136	0.216
hAA9181	0.582	0.585	0.82	-0.221	0.356	-0.578	1.392	0.972	0.444	2.533
hAB0603	0.631	0.489	0.44	-0.149	0.582	-0.377	0.289	-0.653	1.286	0.099
hAC8234	0.578	0.294	0.88	1.932	0.556	0.363	0.7	1.838	2.189	0.492
hAA0086	1.243	1.736	1.593	0.505	0.454	1.001	2.057	2.205	1.23	0.96
hAA0231	0.646	0.068	-0.028	0.175	0.348	2.193	1.561	3.476	4.946	2.886
hAA1376	0.523	0.523	0.708	1.631	0.644	2.667	0	0.315	0.801	1.836
hAA0264	1.01	0.667	0.752	0.644	1.702	1.585	0.215	1.26	2.143	1.318
hAB9910	0.303	0.377	0.895	0.961	1.784	0.445	0.223	1.28	0.004	1.408
hAA9083	-0.927	-1.474	-1.519	-1.938	-1.427	-2.442	-2.442	-2.204	-2.889	-2.198
hAE0026	-0.271	-0.306	-0.344	-1.152	-0.434	-1.578	-0.946	-1.204	-1.699	-0.231
hAB7126	2.762	1.919	1.926	0.857	2.508	2.67	1.413	2.364	3.501	2.883
hAB6560	-0.317	-0.26	-0.255	-0.868	-0.285	-1.177	-0.994	-1.265	-1.657	-0.362
hAC1085	0.375	0.091	0.001	-0.019	0.782	0.838	0.636	0.548	0.638	0.6
hAB4975	0.743	1.121	1.126	0.006	1.053	-0.162	-0.687	-1.146	-1.761	-0.417
hAC5616	0.543	0.726	0.587	0.127	1.321	2.839	1.149	3.387	2.685	0.816
hAD9928	2.025	1.893	2.594	3.076	2.736	3.129	1.053	2.151	1.586	1.586
hAE0010	-3.047	-2.653	-3.146	-1.801	-2.747	-2.556	-2.366	-3.211	-3.921	-2.411
hAE0011	-3.756	-3.351	-3.49	-3.012	-3.133	-4.265	-2.322	-3.336	-2.108	-2.548
hAA0151	2.133	2.385	2.856	2.258	2.757	2.089	2	2.475	2.662	1.806
hAA7777	0.824	0.842	0.296	0.435	0.912	1.264	1.311	2.326	2.082	1.333
hAA8885	-0.46	-0.785	-1.009	-2.366	-0.445	-1.651	-2.03	-2.4	-2.894	-2.11
hAC7762	0.297	0.229	0.498	-0.045	-1.716	-1.019	-1.058	-1.365	-0.937	-1.223
hAC1048	-2.235	-2.788	-2.612	-2.16	-3.561	-2.526	-2.532	-2.72	-3.723	-3.08
hAA0871	-1.157	-1.265	-1.526	-1.568	-2.511	-2.711	-1.6	-2.097	-2.284	-2.056
hAC8232	-1.22	-0.967	-1.482	-0.577	-1.714	-1.793	-1.397	-1.388	-1.358	-1.547
hAD9973	-3.224	-3.308	-3.351	-2.826	-3.506	-2.708	-2.837	-1.713	-3.591	-2.531
hAA5298	0.486	0.657	0.928	0.39	0.708	-0.784	-2.787	-2.822	-0.804	-0.192
hAA9509	0.526	0.773	0.921	0.344	1.717	1.663	1.464	1.096	0.524	1.477
hAE0058	1.656	1.735	2.315	-0.44	1.539	1.485	0.288	-0.272	-0.438	-3.381
hAC1243	0.489	1.068	1.283	-0.048	2.136	0.86	0.513	1.153	0.64	0.751
hAA7309	0.102	0.464	0.579	1.05	0.567	1.848	1.937	1.011	2.296	2.121
hAE0296	-0.368	0.475	0.329	0.837	0.253	0.402	1.607	0.911	1.733	0.625
hAA5549	0.061	0.554	0.812	0.893	1.065	2.076	2.548	1.842	2.208	-0.494
hAA6284	-0.142	0.185	0.235	-0.727	0.851	2.535	1.109	2.018	2.121	-1.657
hAA6306	-0.404	0.468	0.785	-0.272	-1.218	-2	-0.009	-1.415	-1.723	-2.224
hAB1213	0.475	1.535	1.758	0.548	1.269	-0.007	1.518	-0.045	0.283	-0.056
hAA9577	-0.342	0.264	0.377	-0.171	2.083	3.656	2.424	0.904	0.261	2.612
hAE2155	0.545	1.238	1.36	0.373	2.073	1.662	1.976	0.017	1.801	1.791
hAB4803	-0.069	0.712	0.543	0.068	0.194	1.999	0.405	-0.806	2.311	0.373
hAC9502	0.438	0.343	0.881	1.836	0.749	0.605	1.168	2.003	2.055	0.516
hAC8933	-1.106	-0.789	-1.146	-1.736	-2.535	-2.69	-1.991	-2.224	-2.642	-2.906
hAD9964	2.686	2.191	2.189	-0.128	2.868	3.523	3.609	3.146	3.367	2.787
hAD0583	0.629	0.276	0.963	1.932	0.36	0.704	0.993	1.04	1.801	0.286
hAD1872	2.028	1.431	1.793	0.604	1.897	2.932	1.885	0.971	0.383	1.468
hAC9026	1.238	0.525	0.898	0.957	1.047	0.775	0.149	1.776	1.493	-0.514
hAB2569	0.404	1.032	0.584	0.373	0.712	0.876	1.503	1.23	1.244	2.413
hAB3287	-0.223	0.285	0.388	0.34	0.629	0.856	0.996	0.849	0.3	1.521
hAC7253	0.185	1.031	0.12	-0.051	0.499	0.895	1.548	1.192	2.164	1.96
hAC5609	-0.458	-0.086	0.736	-1.003	0.566	1.811	1.204	2.648	1.334	0.051
hAA3149	-1.293	-0.706	-1.065	-1.381	-1.523	-2.308	-1.355	-1.821	-0.29	-0.773
hAD7942	-0.069	1.108	0.198	0.123	-0.361	1.517	1.506	1.638	1.628	0.752
hAD2905	0.65	1.073	0.808	1.692	1.327	0.632	1.069	1.248	1.357	0.59
hAA4942	-0.783	-0.173	-0.808	-0.621	0.371	-0.701	-1.13	-1.149	-1.37	-1.617
hAA7808	-0.264	-0.514	-0.525	-1.191	-0.602	-0.627	-0.8	-1.798	-1.161	-0.278
hAD4761	0.244	0.594	0.208	0.217	0.141	1.047	1.794	1.545	1.877	1.044
hAD4741	0.504	0.34	1.126	1.98	0.355	0.874	1.287	1.548	1.955	0.052
hAC1207	2.901	1.749	1.309	1.654	2.038	2.718	1.387	1.555	1.057	2.129
hAA0727	0.504	0.798	0.829	0.139	-0.062	0.591	2.255	0.898	1.066	0.963
hAE0292	1.167	0.162	0.498	1.474	2.239	4.995	4.457	3.833	3.813	4.776
hAC9376	3.025	2.497	2.128	2.155	1.967	-0.185	-0.257	0.227	-0.058	0.004
hAA8701	0.283	-0.053	0.118	-0.243	0.582	1.604	1.36	2.346	1.446	1.507
hAB2177	3.664	2.819	3.76	3.025	2.628	1.928	0.296	1.195	0.866	0.149
hAD4747	0.566	0.55	1.32	2.003	0.653	1.301	0.772	1.616	2.196	0.871
hAB6803	0.345	1.014	1.19	1.499	-2.165	-1.699	1.531	-2.523	-0.272	-1.842
hAE0878	-1.766	-1.175	-0.983	-1.96	-2.095	-1.344	0.283	-1.304	0.387	-0.739
hAE0908	0.948	1.25	1.502	0.531	1.286	2.226	1.004	0.576	2.069	0.346
hAA9576	-0.199	-0.153	-0.218	0.491	0.152	1.987	0.057	1.368	1.015	0.15
hAA5836	1.513	1.555	2.324	2.734	2.685	3.053	1.787	0.41	1.598	0.829
hAD7832	0.147	0.743	0.35	0.256	0.111	0.719	2.683	3.138	1.783	0.965
hAA2336	0.676	0.068	0.425	0.423	0.96	0.38	0.932	0.189	0.184	0.165
hAB5553	0.487	0.445	1.468	0.858	2.298	1.231	-0.498	0.73	0.942	1.494
hAB5888	1.016	0.882	0.993	1.915	2.356	2.713	2.54	2.377	1.886	2.518
hAE0000	-4.644	-6.059	-5.573	-5.211	-4.158	1.048	0.545	-0.943	0.427	0.998
hAE0336	0.306	-0.026	0.713	1.602	0.817	1.881	0.924	2.04	1.827	1.279
hAC3624	1.997	0.747	1.056	0.423	1.791	1.154	0.588	0.988	0.646	0.898
hAA3523	-0.32	-0.186	-0.44	-0.25	-0.125	1.852	1.293	2.872	1.025	0.347
hAA0374	-0.895	-0.606	-0.618	-2.037	-0.443	-0.99	-1.318	-1.619	-2.111	-0.889
hAD3214	0.556	0.653	0.453	0.834	0.463	0.969	1.103	1.884	1.384	2.159
hAD4485	0.593	0.218	0.901	1.954	0.281	0.526	0.973	1.815	1.287	0.596
hAB8443	-0.292	-0.548	-0.39	-0.813	-0.041	-0.886	-0.692	-1.639	-1.68	0.731
hAA2332	-0.007	-0.056	-0.261	-0.167	-1.918	-0.938	-0.291	-0.671	-1.475	-1.959
hAE0001	-2.671	-3.171	-2.889	-1.427	-3.366	0.759	0.343	-0.651	0.448	0.212
hAD0574	-0.388	-0.366	-0.562	-1.383	-0.432	-1.755	-0.736	-2.014	-2.054	-1.308
hAD0694	-2.322	-2.609	-2.646	-1.627	-2.802	-4.119	-4.239	-3.46	-3.662	-3.256
hAA3096	1.231	1.594	1.555	0.792	1.611	0.886	0.65	0.386	1.28	2.115
hAA0444	-1.927	-1.999	-1.603	-0.38	-3.4	-1.709	-2.535	-2.232	-2.386	-2.016
hAB8667	-0.548	-0.664	-0.986	-1.865	-0.606	-1.43	-1.037	-2.003	-0.773	-1.482
hAD3387	0.812	0.976	0.69	1.529	1.999	1.482	1.733	1.736	2.843	0.454
hAA1045	2.167	2.292	2.167	2.306	2.914	1.879	1.681	2.91	1.866	2.038
hAD4768	-0.105	-0.371	0.001	-0.466	-0.094	1.514	2.555	1.404	-0.131	0.366
hAB1388	0.748	0.421	0.742	0.432	1.937	2.084	0.786	0.986	0.691	1.619
hAE0913	-0.44	0.088	0.106	-0.114	1.59	3.22	0.446	1.706	0.252	2.391
hAA4291	1.796	0.419	1.232	1.038	0.397	1.031	0.481	2.207	2.032	2.776
hAB8786	0.346	0.333	-0.252	0.648	2.481	3.219	1.69	2.4	2.133	4.041
hAC8474	1.012	0.803	1.16	0.385	0.52	-0.098	-0.567	-1.69	0.295	-1.502
hAA1382	-0.651	-0.807	-0.669	-0.927	-1.822	-1.814	-1.085	-1.211	-1.407	-2.25
hAD1807	1.387	1.009	0.189	0.655	1.93	1.442	2.226	1.777	2.466	2.602
hAA4853	1.24	1.064	1.518	1.67	1.74	2.777	0.673	1.166	0.598	1.846
hAA4751	0.788	0.442	0.353	0.994	1.132	1.366	0.938	1.695	2.014	1.82
hAB2088	-0.523	-0.567	-0.633	-0.886	-0.865	-0.517	-1.51	-0.262	-1.878	-0.773
hAB2122	0.642	0.403	0.828	0.381	1.411	-0.537	-0.094	-1.329	0.065	2.045
hAD4448	0.728	0.411	1.049	1.901	0.765	0.175	1.023	1.842	2.284	0.457
hAB6260	1.978	1.459	2.212	1.838	0.331	0.031	0.385	0.794	-0.258	0.647
hAE0093	0.958	-0.642	-0.943	-0.713	3.031	5.176	4.785	5.319	3.138	5.154
hAA1901	0.786	0.993	0.87	0.624	1.462	1.667	1.543	1.85	0.928	1.139
hAD0387	-0.087	0.409	-0.04	-0.224	0.031	0.657	1.442	1.82	1.282	1.58
hAB5077	-0.742	-0.87	-0.87	-0.61	-0.803	-1.162	-0.602	-1.842	-1.009	-1.863
hAB5094	1.654	1.731	1.436	1.293	1.991	2.838	2.48	1.332	2.223	0.797
hAA5697	-0.069	-0.333	-0.152	-0.711	-2.358	-1.146	-0.248	-1.494	-1.017	-3.035
hAC3074	-0.506	-0.119	0.006	-0.178	0.199	0.572	-0.228	-1.842	1.414	-1.155
hAC3101	2.645	2.863	3.13	3.156	3.847	1.992	0.307	0.088	-0.411	2.554
hAC1903	-0.452	-0.516	-0.378	-0.936	-0.272	-1.582	-0.721	-1.593	-1.666	-0.709
hAA2420	-0.407	-0.438	-0.324	0.194	0.413	0.281	1.459	-0.628	0.806	2.121
hAB3581	-0.009	-0.255	-0.288	0.13	0.911	0.198	0.63	0.014	0.712	1.671
hAA7017	0.63	0.705	1.311	0.072	1.217	0.854	1.528	-0.394	0.959	1.186
hAB6569	-0.233	-0.103	-0.58	0.02	0.32	0.831	1.422	0.72	0.65	1.867
hAD1442	0.867	1.099	1.17	1.008	1.852	1.864	1.339	2.059	1.622	1.98
hAB6992	0.934	1.207	1.118	0.2	1.446	1.992	0.714	1.404	1.702	1.683
hAE0184	3.491	2.228	3.265	3.842	4.124	1.059	1.005	1.259	1.386	2.299
hAB8766	-0.531	-0.388	-0.657	-0.253	-0.152	-0.432	-0.269	-0.974	-0.542	-0.559
hAB0833	0.812	0.606	0.813	1.066	1.079	1.311	0.815	2.742	1.677	1.225
hAA0886	0.783	1.58	0.45	1.07	1.315	2.305	2.239	3.914	2.629	0.601
hAA1052	0.889	0.908	0.991	0.308	1.228	0.954	0.639	0.321	0.457	1.006
hAC8256	0.725	0.375	1.039	2.043	0.808	0.511	1.098	1.898	2.297	0.921
hAD9999	0.905	0.25	0.533	1.414	2.521	4.29	4.12	3.194	2.869	3.79
hAC3532	1.318	1.141	0.719	0.755	0.862	1.606	1.477	0.74	1.779	2.72
hAB4180	-0.913	-0.816	-0.839	-1.286	0.019	-1.988	-0.318	-2.012	-1.311	-0.637
hAA0355	1.438	0.849	0.722	1.148	1.656	1.972	0.977	0.389	2.822	0.314
hAD7912	0.68	0.167	1.199	1.975	0.552	0.918	0.997	1.652	2.276	0.448
hAA0662	-0.435	-1.056	-1.022	-1.631	-0.394	-1.85	-1.628	-1.805	-1.92	-1.473
hAB6493	-0.104	-0.676	-0.418	-0.206	-1.114	-2.753	-2.403	-1.864	-2.669	-1.807
hAD4805	0.352	0.324	0.797	1.804	0.913	1.561	1.032	0.853	2.024	0.692
hAC1979	0.11	0.234	0.401	-0.213	0.529	-0.862	-0.513	-2.059	-1.756	-1.34
hAB0836	-0.613	-0.842	-1.077	-1.059	-0.216	-0.147	-0.739	-1.786	-1.333	-0.831
hAB1347	-0.228	-0.214	-0.624	-1.653	0.124	-1.333	-1.411	-1.742	-2.265	-0.919
hAE0846	-2.047	-1.286	-1.515	-1.852	-1.732	-1.262	-0.966	-0.563	-2.245	-0.994
hAC4375	-3.047	-2.837	-2.776	-3.662	-3.035	-1.694	-2.806	-1.966	-3.411	-1.561
hAC4378	-2.644	-1.751	-2.224	-2.653	-0.994	-1.837	-2.089	-1.791	-1.162	-1.608
hAB4505	-0.063	0.16	0.166	0.491	0.269	0.841	1.671	1.446	1.743	1.163
hAE0224	0.329	0.387	0.296	0.381	0.152	0.044	1.113	1.875	2.26	1.474
hAA5419	0.482	-0.082	0.073	0.313	1.096	-1.355	-0.425	-0.633	-0.274	-0.317
xAA0081	-1.261	-2.348	-2.19	-2.806	-2.397	-3.698	-2.387	-3.494	-2.901	-3.104
hAA3833	-0.525	-0.591	-0.911	-1.751	-0.17	-1.751	-0.96	-1.626	-1.826	-0.829
hAA4246	0.747	1.211	-0.116	-0.442	0.693	0.195	1.283	0.86	1.881	1.456
hAA2371	1.528	0.417	0.415	0.594	3.47	1.282	1.397	2.347	2.128	3.421
hAC5748	-0.668	-0.573	-0.704	-1.786	-0.651	-1.155	-1.329	-1.117	-1.889	-1.014
hAB0342	-0.442	-0.624	-0.639	-1.366	-0.567	-1.431	-0.708	-0.715	-1.29	-0.955
hAB5786	1.43	1.498	1.593	1.341	1.945	0.537	0.596	2.232	2.539	2.291
hAD9937	-0.685	-0.72	-0.304	-1.434	-0.504	-1.029	-1.221	-1.373	-0.747	-0.718
hAD9941	-0.278	-0.304	-0.224	-0.949	-0.031	-1.595	-1.152	-1.269	-1.077	-0.127
hAD9943	1.01	-0.198	0.279	0.975	3.18	5.335	4.775	4.943	2.919	5.282
hAD9988	0.568	-0.02	0.394	1.377	1.137	3.516	3.957	4.135	2.321	5.028
hAC3466	2.271	1.788	1.487	1.019	2.357	0.472	-0.214	0.322	0.514	0.966
hAB3505	2.087	2.091	2.395	2.662	1.191	0.804	0.385	0.656	-0.255	1.12
hAB9683	0.435	0.477	-0.006	0.322	2.316	2.017	0.055	0.797	0.882	2.052
hAB9915	-0.442	-0.407	-0.388	-0.241	0.084	-1.34	-0.392	-0.862	-1.527	0.292
hAA6948	-0.949	-0.51	-0.264	0.356	-3.083	-1.599	-1.595	-1.569	-1.171	-2.083
hAC6601	0.068	-0.016	-0.26	-0.147	0.901	1.316	0.7	0.57	1.172	2.695
hAC2352	0.937	0.729	0.225	0.817	1.795	0.596	0.02	1.143	1.153	1.68
hAB0809	1.734	2.095	2.096	1.21	2.432	1.813	1.996	2.758	2.169	2.672
hAD9938	-0.908	-0.718	-0.758	-0.407	-0.963	-0.971	-1.105	-0.478	-1.831	-1.029
hAD9942	-0.347	-0.119	-0.236	-0.297	0.292	-0.726	-0.813	-1.095	-1.96	-1.038
hAA6988	0.748	0.429	1.348	2.071	1.485	0.872	0.5	2.055	2.113	0.344
hAD9907	1.849	2.704	2.385	1.756	1.813	0.457	-0.269	0.089	0.577	0.004
hAE0183	-1.158	-1.089	-1.938	-1.105	-2.077	-1.347	-1.029	-0.492	-2.053	-0.783
hAC1112	0.175	-0.079	-0.1	-0.377	0.372	-0.561	0.126	1.124	0.8	1.456
hAC0553	1.012	1.268	0.387	0.559	2.336	1.949	1.588	3.225	1.979	1.266
hAE0270	-0.097	0.079	0.55	0.531	0.516	0.041	0.545	1.704	0.632	0.509
hAA2761	-0.15	0.742	-0.077	0.392	-0.385	1.657	1.122	1.956	1.903	0.345
xAA0106	-0.4	-0.611	-0.349	-1.573	-0.815	-1.188	-0.652	-0.842	-0.748	-0.728
hAC4201	0.782	0.374	1.092	2.548	0.831	0.328	1.373	2.437	2.49	0.557
hAC4204	-0.178	0.48	-0.031	0.539	0.037	0.043	1.317	1.873	1.888	1.04
hAA1835	-1.13	-0.662	-0.561	-0.454	-3.108	-1.671	-1.419	-0.892	-1.831	-2.411
hAC0497	0.842	0.716	0.627	0.549	2.051	3.003	1.709	0.649	2.084	0.858
hAE0267	-0.498	0.048	-0.411	0.241	-1.69	-2.419	-1.117	-1.318	-1.988	-2.108
hAB9180	-1.482	-1.791	-1.326	-0.533	-2.252	-1.699	-1.708	-0.508	-1.857	-1.37
hAA6391	-0.651	-0.911	-0.573	0.261	-0.796	-1.837	-1.245	-1.732	-1.458	-1.943
hAC3900	0.185	0.452	0.502	-0.368	0.526	-0.4	-0.496	-0.306	-1.431	0.043
hAC3937	1.382	1.239	1.418	0.275	2.021	0.671	-0.381	2.302	0.978	-0.032
hAB3363	0.436	0.289	0.917	1.374	1.796	0.811	1.884	2.78	2.15	0.222
hAA2991	1.228	1.65	0.761	0.524	1.547	2.195	1.603	4.81	2.235	1.374
hAA3295	-0.498	-0.766	-0.425	-0.669	0.263	0.46	-1.955	-0.357	-1.286	0.363
hAB2438	-0.009	0.693	0.277	0.691	-0.329	1.175	1.246	2.132	1.672	0.707
hAB0476	0.581	0.438	0.307	0.02	0.653	1.363	0.482	3.118	1.18	0.299
hAD9930	-1.083	-0.429	-0.01	-0.24	0.374	0.596	-0.117	-0.134	-0.253	0.991
hAB7138	0.423	0.454	0.218	0.514	1.064	1.492	0.468	2.049	1.804	0.503
hAB8193	0.522	0.637	1.068	0.023	0.444	2.194	0.778	1.259	0.212	0.955
hAB8643	0.565	0.707	0.564	0.538	0.829	0.663	0.031	0.709	0.887	-0.141
hAB0516	-0.653	-0.997	-0.788	-1.265	-0.941	-1.146	-0.852	-2.344	-1.842	-0.405
xAA0104	-0.479	-0.43	-0.711	-1.321	0.095	-0.701	-1.269	-1.586	-1.718	-0.056
hAE0068	1.701	2.47	1.355	0.144	1.268	-0.299	-0.413	0.644	0.651	0.733
hAE0838	-4.059	-4.083	-3.9	-3.54	-5.265	-2.874	-4.756	-4.411	-4.644	-4.608
hAC0777	0.369	0.558	0.104	-0.076	1.04	1.266	1.729	2.193	3.364	2.464
hAC0037	0.786	0.288	0.535	0.441	1.159	1.109	-0.139	1.869	1.749	0.864
hAA5961	1.756	2.105	1.53	0.562	2.199	0.413	0.893	0.672	0.877	0.509
hAA9284	-0.167	0.456	0.059	0.27	-0.106	1.124	0.568	1.769	1.757	0.664
hAC5662	0.295	0.44	0.354	0.096	0.981	0.629	0.415	-0.019	0.313	-0.034
hAB5272	-0.473	-0.633	-0.114	0.085	-2.012	-1.355	-0.685	-0.751	-1.613	-1.857
hAD9923	0.198	-0.58	-0.149	-1.434	-0.353	1.118	-1.63	-1.761	-1.816	-1.155
hAB3888	-1.041	-0.955	-1.041	-1.751	-1.168	-1.297	-0.798	-2.023	-2.68	-1.955
hAA6792	0.593	0.195	0.738	1.771	0.876	1.463	0.873	1.651	1.953	0.884
hAA6811	0.402	0.532	0.241	-0.213	2.5	0.896	0.977	1.486	2.907	1.469
hAA2965	1.206	0.787	0.596	0.227	2.536	1.645	1.46	1.792	1.814	1.102
hAA7872	-2.152	-1.966	-2.265	-2.599	-1.776	-1.756	-3.047	-2.224	-2.671	-1.604
hAA2157	4.717	3.939	3.855	3.716	4.232	5.037	1.716	0.79	1.267	4.24
hAE0311	-2.322	-2.286	-2.315	-1.63	-2.932	-1.056	-2.047	-0.386	-2.238	-0.442
hAB8138	0.569	0.764	0.631	-0.026	1.084	1.251	0.579	0.747	0.972	1.106
hAC1438	-0.379	-0.375	-0.203	-0.246	-0.262	-1.191	-1.184	-1.466	-1.565	-1.347
