hAC3937	1.382	1.239	1.418	0.275	2.021	0.671	-0.381	2.302	0.978	-0.032	-0.791	1.978	0.277	2.365	1.62	0.68	0.265	0.119	1.262	0.624	0.396	-0.136	1.461	0.202	-0.082	2.472	-0.336	0.963	-0.006	0.198	0.135	0.021	-0.362	-0.608	-0.606	0.979	0.072	0.249	1.234	-0.952
hAB3363	0.436	0.289	0.917	1.374	1.796	0.811	1.884	2.78	2.15	0.222	-0.546	1.152	0.235	1.979	1.358	0.198	1.895	1.913	1.47	0.722	0.316	0.89	0.579	0.308	1.589	1.685	1.661	0.419	0.815	0.641	1.523	2.499	1.087	1.423	1.426	2.358	0.688	-0.199	0.353	-0.351
hAA2991	1.228	1.65	0.761	0.524	1.547	2.195	1.603	4.81	2.235	1.374	1.688	1.811	1.972	2.353	1.394	2.421	2.106	1.992	2.743	2.044	0.708	1.018	2.442	2.378	1.295	0.845	1.866	1.052	1.522	2.998	1.995	2.86	3.038	1.078	1.081	2.786	1.339	1.866	2.382	-0.484
hAA3295	-0.498	-0.766	-0.425	-0.669	0.263	0.46	-1.955	-0.357	-1.286	0.363	-0.494	-0.062	-0.803	2.311	0.864	0.192	0.087	0.051	-1.756	-1.801	-1.586	-1.149	0.151	-0.13	-0.829	-0.313	-0.44	-0.974	0.069	-0.041	-0.193	-0.281	0.983	-1.708	-1.704	2.504	0.757	0.116	1.478	-0.056
hAB2438	-0.009	0.693	0.277	0.691	-0.329	1.175	1.246	2.132	1.672	0.707	0.305	1.907	-0.278	0.97	2.348	0.563	0.423	0.163	0.189	0.05	1.943	0.985	0.826	0.184	-0.134	2.076	0.625	2.503	0.66	0.222	-0.24	0.386	-0.383	0.366	0.358	0.22	-0.213	-0.687	0.205	-0.24
hAB0476	0.581	0.438	0.307	0.02	0.653	1.363	0.482	3.118	1.18	0.299	0.34	2.748	0.07	0.654	1.833	1.352	0.53	0.639	0.813	1.193	1.214	0.131	1.914	0.194	0.171	1.415	1.748	2.055	0.255	0.407	-0.318	-0.211	0.79	0.671	0.674	1.755	0.936	0.693	2.157	-0.484
hAD9930	-1.083	-0.429	-0.01	-0.24	0.374	0.596	-0.117	-0.134	-0.253	0.991	1.04	-0.582	0.277	1.052	0.171	-1.694	0.081	0.003	-1.201	-0.943	0.592	-0.626	0.457	1.331	-0.409	-1.905	0.136	-0.852	-0.189	-0.5	-1.49	0.31	-1.816	-1.916	-1.916	0.871	-1.96	-0.48	0.873	0.374
hAB7138	0.423	0.454	0.218	0.514	1.064	1.492	0.468	2.049	1.804	0.503	1.454	1.873	1.107	0.021	1.312	-0.18	0.383	0.072	1.023	0.711	0.952	1.078	-0.119	2.958	0.617	0.693	0.452	-0.16	0.43	1.985	0.849	1.784	1.979	0.354	0.356	-0.155	0.265	0.463	-0.492	0.114
hAB8193	0.522	0.637	1.068	0.023	0.444	2.194	0.778	1.259	0.212	0.955	0.072	1.534	0.45	1.641	0.219	1.8	0.976	1.427	1.26	0.882	-0.023	-0.241	0.463	1.826	0.901	-0.306	2.097	-0.003	-0.051	1.858	1.828	2.003	-0.322	0.209	0.212	1.269	0.46	0.317	0.096	0.163
hAB8643	0.565	0.707	0.564	0.538	0.829	0.663	0.031	0.709	0.887	-0.141	1.329	0.437	1.797	0.249	0.629	0.279	0.324	0.537	2.129	1.966	0.797	0.332	0.529	2.441	0.03	0.51	1.185	0.346	0.383	1.979	0.968	0.228	1.546	0.509	0.511	-0.184	0.502	0.077	1.857	-0.946
hAB0516	-0.653	-0.997	-0.788	-1.265	-0.941	-1.146	-0.852	-2.344	-1.842	-0.405	-0.193	-1.419	-0.366	-0.201	-2.955	-0.617	-0.271	-0.398	-0.637	-0.586	-2.977	-1.111	-1.873	-0.446	0.273	-2.191	-1.438	-3.252	-0.224	-0.788	-0.462	-0.766	-0.506	-1.45	-1.45	-0.29	-0.527	-0.226	-0.262	0.523
xAA0104	-0.479	-0.43	-0.711	-1.321	0.095	-0.701	-1.269	-1.586	-1.718	-0.056	-0.23	-2	-0.48	-0.194	-1.875	-1.383	-0.993	-1.45	-0.036	-0.148	-2.824	-0.329	-2.175	-0.057	0.41	-1.955	-2.032	-3.093	0.151	-1.318	-0.706	0.052	-0.022	-0.938	-0.936	0.38	-1.684	-0.67	0.319	-0.09
hAE0068	1.701	2.47	1.355	0.144	1.268	-0.299	-0.413	0.644	0.651	0.733	1.114	0.459	2.728	-0.196	0.089	-0.796	0.504	1.101	-0.478	0.507	0.493	2.946	3.692	0.353	1.166	0.287	0.762	0.214	0.329	-0.083	-0.626	0.225	4.467	-0.269	-0.264	-1.194	-0.548	-0.171	-0.224	-0.056
hAE0838	-4.059	-4.083	-3.9	-3.54	-5.265	-2.874	-4.756	-4.411	-4.644	-4.608	-4.351	-4.966	-4.644	-3.837	-4.133	-4.68	-4.108	-4.966	-5.506	-5.265	-3.756	-5.012	-4.756	-4.878	-5.442	-4.211	-4.474	-3.989	-3.921	-4.293	-4.035	-4.796	-5.012	-3.556	-3.54	-4.756	-4.644	-4.474	-4.54	-0.181
hAC0777	0.369	0.558	0.104	-0.076	1.04	1.266	1.729	2.193	3.364	2.464	1.626	2.074	1.84	0.257	3.598	0.428	0.888	0.802	1.991	1.763	0.765	0.706	1.648	1.228	0.548	2.553	1.171	1.482	1.026	1.486	0.131	0.339	-0.02	-0.029	-0.029	-0.333	-0.228	0.457	0.013	-0.732
hAC0037	0.786	0.288	0.535	0.441	1.159	1.109	-0.139	1.869	1.749	0.864	0.766	1.925	0.169	0.511	1.847	0.78	1.34	1.172	1.755	2.095	1.857	0.903	2.058	1.635	0.915	1.723	0.303	1.718	0.037	1.233	0.82	0.264	2.215	0.213	0.215	3.139	1.243	1.146	1.909	0.549
hAA5961	1.756	2.105	1.53	0.562	2.199	0.413	0.893	0.672	0.877	0.509	1.626	0.707	0.325	0.415	0.686	0.345	0.302	0.24	0.092	-0.139	0.605	0.874	0.687	0.066	0.119	0.769	0.799	0.809	0.524	0.273	0.542	1.873	-0.144	-0.035	-0.032	0.506	0.069	2.063	0.009	0.638
hAA9284	-0.167	0.456	0.059	0.27	-0.106	1.124	0.568	1.769	1.757	0.664	0.376	2.025	-0.051	1.988	2.848	0.552	0.494	0.151	0.352	0.862	2.645	-0.208	1.558	0.167	0.22	2.636	1.695	2.75	1.156	0.236	-0.687	0.789	-0.506	-0.16	-0.158	-0.396	-0.186	-0.167	0.608	0.637
hAC5662	0.295	0.44	0.354	0.096	0.981	0.629	0.415	-0.019	0.313	-0.034	1.724	-0.063	0.829	1.511	0.544	0.946	1.289	1.543	0.738	0.419	-0.15	1.382	-0.083	2.31	2.291	-0.302	-0.026	-1.044	0.776	0.575	0.626	1.663	1.774	-0.162	-0.163	1.84	0.942	2.22	0.664	-0.685
hAB5272	-0.473	-0.633	-0.114	0.085	-2.012	-1.355	-0.685	-0.751	-1.613	-1.857	-1.111	-1.927	-1.29	-1.184	-2.3	-0.628	-0.419	-0.778	-0.218	0.208	-2.322	-1.806	-2.012	-1.4	-0.927	-1.494	-1.315	-2.49	-0.288	-0.831	-0.69	-1.252	-0.178	0.45	0.453	-1.228	-1.344	-0.565	-0.749	-2.258
hAD9923	0.198	-0.58	-0.149	-1.434	-0.353	1.118	-1.63	-1.761	-1.816	-1.155	0.366	-1.704	-1.142	-1.228	-2.293	-1.165	0.626	-0.146	-0.306	0.083	-0.889	0.88	-2.411	-1.502	-0.484	-2.315	-0.48	-3.059	-1.009	-1.234	-0.651	0.492	-0.404	-0.006	-0.003	-0.423	-0.628	0.667	-0.034	0.083
hAB3888	-1.041	-0.955	-1.041	-1.751	-1.168	-1.297	-0.798	-2.023	-2.68	-1.955	-0.444	-2.139	-1.086	-0.571	-2.458	-0.699	-0.723	-1.234	-0.759	-1.723	-1.478	-1.003	-2.029	-0.478	-0.173	-1.927	-0.894	-2.245	-1.214	-0.063	-0.916	-0.405	-0.111	-0.876	-0.873	0.384	-1.515	-1.446	-1.286	-0.021
hAA6792	0.593	0.195	0.738	1.771	0.876	1.463	0.873	1.651	1.953	0.884	-0.035	1.374	0.187	0.961	2.25	0.185	0.961	1.209	1.252	1.31	1.862	0.528	1.917	0.521	0.919	1.575	1.515	1.299	0.303	0.255	1.193	0.74	0.476	1.964	1.967	0.771	0.39	-2.023	-1.059	0.107
hAA6811	0.402	0.532	0.241	-0.213	2.5	0.896	0.977	1.486	2.907	1.469	1.274	2.026	1.86	0.605	0.493	0.748	1.27	3.172	2.323	3.054	1.165	2.492	2.557	0.693	2.107	1.045	1.459	0.84	1.211	0.484	0.195	0.293	3.42	-0.648	-0.644	0.034	-0.105	0.454	0.251	-0.409
hAA2965	1.206	0.787	0.596	0.227	2.536	1.645	1.46	1.792	1.814	1.102	2.934	1.711	2.388	0.132	1.437	2.197	2.298	3.456	2.323	2.256	0.951	2.962	1.79	2.884	4.092	1.213	2.209	1.093	1.133	0.924	1.68	4.242	2.73	2.013	2.015	3.77	2.334	3.179	1.9	-0.114
hAA7872	-2.152	-1.966	-2.265	-2.599	-1.776	-1.756	-3.047	-2.224	-2.671	-1.604	-2.747	-3.265	-2.49	-2.921	-3.573	-2.955	-2.54	-3.133	-2.796	-3.411	-3.211	-2.204	-3.608	-3.224	-2.608	-1.842	-1.732	-3.184	-1.994	-3.816	-1.578	-1.878	-3.351	-1.552	-1.527	-3.158	-2.955	-1.667	-3.427	-0.153
hAA2157	4.717	3.939	3.855	3.716	4.232	5.037	1.716	0.79	1.267	4.24	3.967	2.377	3.027	0.532	0.571	1.554	0.991	2.883	2.445	2.173	3.551	5.161	1.901	2.434	2.507	0.825	3.692	1.187	0.942	1.223	3.065	2.203	2.621	0.641	0.643	3.434	1.325	1.497	1.659	0.238
hAE0311	-2.322	-2.286	-2.315	-1.63	-2.932	-1.056	-2.047	-0.386	-2.238	-0.442	-1.245	-1.175	-2.49	1.021	-0.099	-0.831	-0.502	-2.308	-2.396	-2.747	-1.442	-1.092	-2.329	-1.458	-2.837	-2.548	-1.255	-1.13	-1.671	-1.766	-1.694	1.521	-2.556	-1.047	-1.044	0.123	1.36	0.65	-2.108	0.066
hAB8138	0.569	0.764	0.631	-0.026	1.084	1.251	0.579	0.747	0.972	1.106	0.273	2.208	0.576	-0.133	0.954	-0.201	0.381	0.422	0.089	0.524	2.331	-0.012	1.286	-0.39	0.377	1.266	0.823	2.04	0.064	0.328	-0.271	0.693	0.471	-0.034	-0.032	0.598	-0.094	0.108	1.229	2.692
hAC1438	-0.379	-0.375	-0.203	-0.246	-0.262	-1.191	-1.184	-1.466	-1.565	-1.347	-0.095	-1.462	-0.351	-0.094	-2.211	-0.96	-0.311	-1.276	-0.68	-0.913	-2.293	-0.667	-2	-0.383	-0.208	-1.747	-1.45	-2.258	-1	-0.718	-0.302	-0.262	-0.039	0.088	0.089	0.346	1.339	0	1.536	0.597
