#GENE NAMES	02T-100 CCRX	02T-393 CCRX	02T-81 CCRX	04T-287 CCRX	04T-351 CCRX	05T-75 CCRX	06T-403 <45	06T-404 <45	07T-166 <45	07T-100 <45	07T-129 <45	07T-134 <45	07T-160 <45	07T-162 <45	07T-178 <45	07T-18 <45	07T-182 <45	07T-221 <45	07T-226 <45	07T-37 <45	07T-39 <45	07T-56 <45	07T-71 <45	07T-79 <45	07T-83 <45	07T-84 <45	07T-88 <45	08T-10-2 <45	08T-121 CCRX	08T-17 <45	08T-30 <45	08T-53 <45	08T-54 <45	08T-55 <45	08T-77 CRX	08T-82 CCRX	08T-83 CCRX	09T-217 CCRX	09T-69 CCRX

SMADY	3	3	2	1	3	0	3	3	0	3	3	1	1	3	3	3	3	3	3	3	1	3	3	2	1	3	3	3	3	3	0	NA	0	3	2	3	3	3	3

HES-1	0	0	0	0	0	0	0	0	0	0	0	0	0	0	0	0	0	0	0	0	0	0	0	0	0	0	0	0	0	0	0	0	0	0	1	1	0	0	0

H-TERT	0	0	0	1	0	2	1	3	1	0	3	1	1	2	0	0	0	1	0	2	2	0	0	0	1	0	0	1	0	0	3	2	1	1	2	3	2	0	0

CDK2	3	2	2	3	2	3	2	2	2	3	3	2	1	2	3	2	3	1	2	3	3	3	2	3	2	3	1	3	2	3	2	2	3	2	2	3	2	2	3

PTEN - citoplasma	0	0	0	0	0	0	0	0	0	0	0	0	0	0	0	0	0	0	0	0	3	0	0	0	0	0	0	0	0	0	0	0	0	0	NA	0	0	0	0

PTEN - núcleo	0	0	0	0	0	0	1	0	0	0	0	0	0	0	0	0	0	0	0	0	2	0	1	1	0	0	0	0	2	0	0	0	0	0	2	0	0	0	0

CYCLIN D1	2	1	3	1	3	1	3	3	1	0	3	3	3	2	2	1	1	3	3	2	3	3	2	3	3	2	1	1	2	2	2	1	2	1	3	3	1	2	3

RB-P	3	3	3	NA	3	3	3	3	3	1	NA	3	3	3	NA	3	3	NA	3	0	3	3	3	3	0	3	3	3	3	3	3	3	3	3	3	3	3	3	3

P16	0	2	3	0	0	2	0	1	2	0	3	1	0	2	2	2	1	1	3	3	3	3	1	2	3	1	3	0	3	2	0	1	2	2	0	3	1	3	3

COX2	1	0	3	1	2	2	3	0	3	3	1	2	3	2	3	2	1	3	2	3	3	3	3	2	3	2	3	3	2	3	3	2	3	3	3	2	3	3	3

MUC1	3	0	2	3	2	3	3	3	0	3	1	0	1	0	3	2	3	3	1	2	3	3	3	3	3	3	3	3	2	1	3	2	3	3	3	1	1	3	2

P21	0	0	2	1	2	0	1	3	0	1	3	2	1	0	1	0	1	1	0	1	3	2	3	0	0	1	0	0	1	1	2	0	0	1	3	1	1	2	3

P53	3	0	3	3	0	3	1	2	3	0	0	2	3	0	0	3	0	0	0	3	1	0	0	0	0	0	2	3	0	3	3	3	3	3	3	2	3	0	0

MLH1	2	2	3	3	3	3	0	3	3	3	3	3	2	3	0	0	3	3	3	3	3	0	3	3	2	3	2	0	3	3	3	3	3	3	3	3	2	2	0

MSH2	3	3	2	3	3	3	3	3	3	3	3	3	3	3	3	3	3	3	3	3	3	2	3	0	3	3	3	3	3	3	3	3	3	3	3	3	3	3	3

MSH6	0	3	3	3	3	3	3	2	3	3	3	3	1	2	3	2	2	3	2	3	3	0	1	0	2	3	2	0	3	2	3	3	3	3	3	3	3	3	3

E-Cadherina	3	3	3	3	3	3	3	3	3	3	3	3	3	3	3	3	3	3	3	3	3	3	3	3	3	3	3	3	3	3	3	3	3	3	3	3	3	3	3

BCL2	3	0	0	2	3	3	3	3	1	1	1	0	0	2	0	3	0	3	3	1	3	3	2	0	3	0	3	0	2	1	0	1	2	0	0	3	0	2	1

EGFR	0	0	0	0	0	0	0	0	0	0	0	0	0	0	0	0	0	0	0	0	0	0	0	0	0	0	0	1	0	0	0	0	0	0	0	0	0	0	0

B-Catenina	3	3	3	3	3	3	3	3	3	3	3	3	3	3	3	3	3	3	3	3	3	3	3	3	3	3	3	3	3	3	3	3	3	3	3	3	3	3	3

NTS	0	0	0	0	0	3	0	1	3	0	2	2	2	3	0	0	0	1	0	2	2	0	0	0	0	0	0	2	2	3	3	1	0	1	3	2	2	0	0

NTS-R1	0	0	0	0	0	0	0	0	0	0	0	0	0	0	0	0	0	0	0	0	0	0	1	0	0	0	0	0	1	0	0	0	0	0	0	1	0	0	0

																																							

																																							

																																							

																																							

																																							

																																							

																																							

																																							

																																							

																																							

																																							

																																							

																																							

																																							

																																							

																																							

																																							

																																							

																																							

																																							

																																							

																																							

																																							

																																							

																																							

																																							

																																							

