L.1
0.191
-0.35
0.146
-0.576
-0.009
-0.167
-0.412
0.38
0.12
-0.185
-0.193
-0.086
-0.27
-0.064
0.06
-0.252
-0.302
0.07
-0.208
-0.616
-0.193
0.644
-0.634
0.128
-0.35
-0.214
-0.412
-0.195
-0.289
-0.223
-0.109
0.361
0.245
-0.46
-0.119
-0.177
0.076
0.146
-0.201
-0.201
-0.164
-0.239
-0.642
0.133
-0.248
-0.257
-0.198
-0.076
-0.079
0.11
-0.172
-0.031
-0.335
-0.372
-0.009
0.617
0.213
0.236
-0.306
0.065
0.219
-0.077
-0.799
0.207
-0.361
-0.091
-0.388
-0.468
-0.404
-0.103
-0.507
-0.718
-0.487
-0.352
-0.179
-0.037
-0.05
-0.413
0.001
0.538
-0.29
-0.682
0.808
-0.584
0.059
-0.069
-0.472
0.112
-0.003
-0.17
-0.277
-0.231
0.061
0.063
0.087
0.194
0.25
-0.081
-0.155
-0.088
-0.097
-0.246
-0.254
-0.019
0.115
0.02
0.348
0.007
-0.399
-0.395
-0.251
0.216
-0.166
0.192
-0.023
-0.523
-0.363
-0.075
-0.236
-0.312
-0.149
-0.202
-0.207
0.192
-0.513
0.095
-0.486
-0.151
-0.015
-0.591
-0.585
-0.592
-0.224
-0.561
-0.001
-0.206
-0.226
0.104
0.473
-0.267
0.371
-0.403
0.035
-0.059
-0.305
0.416
-0.142
-0.547
-0.04
-0.039
0.099
-0.173
-0.082
0.02
-0.147
-0.53
0.153
0.152
-0.229
0.007
0.516
0.064
-0.33
-0.157
0.198
-0.202
0.511
0.317
-0.29
-0.011
0.326
-0.102
-0.249
-0.369
0.014
-0.418
0.128
0.076
-0.503
-0.701
-0.263
-0.021
-0.122
0.239
0.188
0.488
-0.109
-0.01
-0.007
0.03
-0.077
0.885
0.561
-0.053
0.165
0.29
0.189
-0.113
-0.768
0.078
-0.06
0.055
0.164
0.23
-0.094
-0.022
0.492
0.073
-0.026
0.416
-0.131
0.173
0.11
0.203
0.548
-0.615
-0.262
-0.133
-0.492
0.596
-0.278
-0.205
0.09
0.215
-0.22
-0.024
-0.095
-0.258
0.104
-0.124
0.169
0.211
0.703
-0.008
-0.247
-0.464
0.317
-0.527
-0.615
0.285
0.5
0.621
-0.299
0.213
-0.072
0.051
0.213
0.815
0.189
-0.084
0.631
0.06
0.449
0.319
0.73
0.255
0.581
0.121
-0.131
-0.336
-0.435
1.045
-0.226
0.162
-0.013
0.334
1.225
0.069
0.156
-0.069
-0.54
-0.039
0.006
-0.004
0.165
0.099
0.338
0.102
-0.046
0.136
-0.114
-0.243
-0.311
-0.325
0.249
-0.176
0.589
0.367
1.665
-0.306
-0.152
-0.045
0.145
-0.209
-0.642
0.003
-0.264
-0.178
-0.466
0.473
0.521
0.5
0.526
-0.136
-0.23
0.065
-0.046
-0.42
0.198
0.256
0.048
-0.258
-0.045
0.294
-0.09
-0.359
0.414
0.174
0.137
-0.199
-0.292
-0.637
-0.119
-0.436
-0.065
0.156
0.091
-0.083
0.167
-0.195
-0.038
-0.282
-0.008
0.493
0.08
0.099
0.231
0.102
0.207
-0.143
-0.31
-0.026
-0.302
-0.329
-0.015
0.113
-0.44
-0.578
-0.344
-0.494
0.295
-0.158
-0.115
0.174
-0.59
0.232
-0.38
-0.034
-0.424
0.421
-0.146
0.304
0.173
0.304
0.271
-0.117
0.402
-0.446
0.344
0.125
0.377
0.383
0.603
0.205
0.788
0.299
0.43
0.526
-0.308
0.109
0.197
0.089
0.199
0.122
0.324
0.167
0.11
0.173
0.232
0.524
0.306
1.16
-0.019
0.197
0.387
0.335
0.108
-0.074
0.53
0.048
0.169
0.407
0.071
0.092
0.26
-0.021
0.565
0.088
0.312
0.187
0.516
0.418
0.365
0.361
0.192
-0.027
-0.211
0.124
0.165
0.002
0.337
-0.125
0.523
0.151
0.276
0.349
0.632
0.663
0.84
0.047
0.539
-0.059
0.077
0.179
-0.184
0
0.186
0.577
0.647
0.258
0.623
0.54
0.826
0.236
0.448
0.03
-0.292
0.161
0.598
0.757
0.895
0.551
0.151
0.021
0.128
0.57
0.35
0.572
0.341
0.926
0.626
0.471
0.443
0.442
0.317
0.409
1.333
-0.249
0.22
0.68
0.609
0.439
0.091
0.325
-0.038
0.93
0.373
0.415
0.235
-0.095
0.089
-0.196
-0.135
0.002
0.54
-0.121
0.23
-0.151
0.085
0.178
0.109
0.474
-0.898
-0.163
-0.327
-0.06
0.128
0.396
-0.01
0.089
0.354
0.358
-0.212
0.151
0.168
0.267
-0.158
-0.138
0.27
-0.704
0.014
0.36
-0.02
0.088
-0.39
0.035
-0.034
0.246
0.496
0.24
0.166
0.237
0.068
0.216
-0.104
0.141
0.031
0.065
-0.249
-0.02
0.207
0.465
0.201
0.16
0.504
0.455
-0.023
-0.167
0.214
0.229
-0.077
0.045
-0.517
0.164
0.014
0.193
0.335
0.234
-0.393
0.076
0.255
0.583
0.121
-0.084
0.009
0.14
0.166
0.15
-0.03
0.186
0.15
0.107
-0.758
-0.329
0.073
-0.127
-0.139
-0.001
-0.087
-0.394
-0.229
0.048
0.407
0.055
-0.5
0.105
0.385
0.259
0.371
0.223
0.038
-0.049
-0.501
-0.581
-0.071
0.371
0.013
0.346
-0.303
0.425
0.465
0.316
0.016
0.373
-0.069
0.67
0.497
0.077
0.117
0.693
0.744
0.62
0.035
-0.086
0.005
0.41
0.38
0.127
0.298
-0.037
0.079
0.154
0.338
0.055
0.251
0.43
0.482
0.402
0.643
0.115
0.416
0.494
0.219
0.583
-0.269
0.203
0.294
0.023
0.346
0.022
-0.18
0.375
0.278
0.494
0.112
-0.267
0.134
0.1
0.046
-0.08
0.106
0.523
0.159
0.092
0.085
0.223
-0.135
-0.077
0.091
0.021
-0.036
0.259
0.002
0.114
0.136
0.733
0.166
-0.007
-0.036
-0.125
0.371
0.004
-0.211
-0.39
0.34
0.03
0.542
0.419
-0.006
-0.4
-0.031
-0.042
-0.583
0.229
-0.045
0.332
0.166
-0.143
0.487
0.113
0.046
-0.148
0
0.054
-0.346
-0.343
0.214
0.127
0.27
-0.442
-0.114
0.134
-0.023
-0.245
-0.07
-0.493
0.066
-0.511
-0.272
0.411
0.364
-0.54
-0.326
0.258
0.169
-0.116
-0.478
-0.127
-0.197
-0.051
-0.112
0.677
-0.349
-0.021
0.445
-0.408
0.368
0.179
0.009
-0.218
-0.448
-0.383
0.616
-0.081
0.041
0.035
-0.032
0.073
-0.023
-0.294
-0.563
0.034
-0.619
-0.253
0.119
0.148
-0.774
0.109
-0.001
0.326
-0.094
0.033
0.059
-0.156
-0.096
-0.614
0.245
0.057
0.03
0.042
0.093
0.055
0.096
0.15
0.161
0.188
0.413
0.091
-0.242
-0.17
0.095
-0.225
-0.315
-0.258
-0.078
0.28
-0.009
-0.287
0.373
0.09
0.358
0.298
-0.428
0.181
0.215
0.126
-0.153
-0.157
-0.091
0.164
-0.698
0.072
0.276
-0.289
-0.158
0.27
0.293
0.13
0.083
-0.081
0.083
-0.129
-0.391
-0.43
-0.052
-0.523
-0.268
-0.053
0.083
0.051
-0.15
-0.297
-0.488
0.005
0.117
-0.409
-0.268
0.141
0.263
-0.133
-0.24
-0.554
0.218
-0.31
0.079
0.5
0.027
0.285
-0.052
0.488
-0.47
0.187
-0.111
0.193
-0.465
-0.285
-0.388
0.322
0.362
-0.032
0.03
-0.09
-0.086
-0.119
0.224
0.183
0.363
0.066
-0.359
0.437
0.1
0.329
-0.137
-0.321
-0.134
0.397
-0.037
0.858
-0.058
-0.366
0.354
-0.421
-0.324
-0.152
-0.184
-0.085
0.307
-0.111
0.212
0.013
0.404
-0.146
-0.979
-0.187
0.244
-0.123
-0.162
0.562
0.075
0.365
-0.543
-0.283
-0.214
-0.204
0.02
0.126
0.063
0.398
-0.084
-0.828
-0.448
0.062
-0.237
0.14
0.045
-0.172
-0.15
0.12
-0.229
0.011
0.275
-0.158
0.185
0.17
0.219
-0.182
-0.013
-0.235
0.128
0.12
0.088
0.214
0.071
-0.154
-0.14
0.087
-0.121
0.302
0.24
0.026
0.192
0.139
0.159
0.326
0.024
0.26
0.453
-0.076
-0.487
-0.401
0.387
0.052
0.161
-0.396
-0.136
-0.199
0.245
-0.192
-0.282
0.02
0.231
0.006
-0.684
0.632
-0.069
0.288
-0.128
0.158
-0.405
-0.4
-0.422
-0.115
-0.062
-0.012
-0.419
0.559
0.458
0.09
0.211
-0.403
-0.003
-0.222
-0.025
-0.025
-0.135
0.32
0.026
0.087
-0.204
-0.826
0.027
0.181
0.186
-0.036
0
-0.008
0.001
0.165
0.426
-0.11
-0.014
-0.194
0.391
-0.177
-0.802
-0.127
0.322
0.164
0.022
-0.519
-0.091
0.104
-0.113
-0.12
0.209
-0.292
0.205
0.609
0.132
-0.414
0.039
0.4
-0.1
0.48
-0.067
-0.104
-0.002
-0.121
-0.173
-0.143
0.035
-0.369
-0.312
-0.071
-0.337
-0.002
0.352
0.038
-0.006
0
-0.327
0.065
-0.449
0.465
0.062
0.11
-0.083
0.081
-0.432
-0.164
0.236
0.175
0.287
0.524
-0.251
0.3
-0.635
0.011
0.163
-0.18
-0.174
-0.267
0.319
-0.254
0.354
0.814
-0.297
0.032
0.207
-0.24
0.194
-0.164
-0.193
0.064
-0.136
0.165
-0.453
0.052
-0.492
-0.118
0.181
-0.199
-0.137
-0.124
-0.131
0.759
0.194
0.096
0.311
0.187
0.418
0.34
0.586
0.251
0.398
0.02
0.261
0.588
0.229
0.147
0.194
0.152
0.175
0.173
-0.06
-0.257
-0.087
-0.027
-0.05
0.361
0.054
0.517
0.221
-0.271
0.328
0.098
0.018
0.378
-0.687
0.383
-0.097
-0.131
-0.025
0.163
0.138
-0.111
-0.551
0.034
-0.422
-0.374
-0.451
-0.286
-0.02
-0.252
-0.073
0.016
0.896
-0.184
-0.164
-0.031
0.606
-0.067
-0.014
0.387
0.197
-0.546
0.155
0.375
0.376
0.287
-0.221
-0.422
-0.24
-0.281
-0.178
-0.325
0.034
0.046
-0.071
0.126
-0.156
0.177
0.466
-0.012
0.252
-0.212
-0.079
-0.023
0.285
0.189
-0.297
-0.487
-0.243
-0.292
-0.097
-0.504
0.615
0.022
-0.225
0.006
-0.262
-0.092
-0.153
-0.042
0.05
0.113
-0.058
0.129
0.113
-0.341
-0.043
-0.085
0.073
0.23
0.011
-0.034
-0.563
-0.112
0.247
-0.043
-0.069
-0.043
-0.315
0.047
-0.243
0.251
0.018
-0.387
0.285
-0.141
0.759
-0.287
-0.01
0.196
0.239
-0.211
-0.254
-0.408
0.133
0.124
0.262
0.137
-0.374
0.188
-0.05
-0.279
0.223
-0.042
-0.274
-0.042
-0.217
-0.411
-0.243
0.029
-0.243
0.285
0.068
-0.406
-0.158
-0.143
0.469
0.405
0.062
-0.13
-0.171
-0.182
-0.196
0.417
0.335
-0.078
0.231
-0.065
-0.428
-0.153
0.048
0.239
-0.238
0.074
0.441
0.164
0.057
-0.115
0.352
-0.232
-0.184
-0.261
-0.246
0.478
-0.392
-0.291
0.101
0.084
0.394
-0.278
0.269
0.624
0.09
0.059
-0.215
-0.425
-0.049
-0.226
-0.723
-0.281
0.184
0.064
-0.172
0.05
0.203
-0.209
-0.028
0.245
0.092
0.242
0.183
0.198
0.465
-0.362
0.095
-0.526
-0.071
-0.277
-0.021
-1.094
-0.353
-0.213
-0.138
0.023
0.062
-0.231
0
-0.301
-0.219
0.047
-0.303
-0.425
-0.047
-0.453
0.261
-0.211
0.149
0.055
-0.061
-0.226
0.087
0.179
0.021
-0.069
0.001
0.06
-0.23
0.046
-0.089
-0.38
-0.151
0.448
0.201
-0.009
0.287
-0.058
-0.199
-0.053
0.122
-0.199
0.251
-0.211
1.028
-0.008
0.025
-0.251
0.53
-0.198
-0.418
-0.272
0.065
0.008
-0.384
-0.072
-0.145
-0.043
-0.031
0.189
0.399
-0.165
0.134
-0.068
0.357
-0.02
0.061
-0.027
-0.218
-0.126
-0.313
-0.148
-0.07
0.234
-0.194
0.045
-0.183
0.192
-0.268
0.006
0.032
-0.254
-0.43
-0.445
-0.691
-0.199
-0.118
-0.065
-0.213
-0.151
0.237
-0.382
0.416
0.108
0.396
0.222
0.063
-0.513
-0.052
-0.413
-0.624
0.264
0.067
0.311
0.126
-0.074
-0.209
-0.348
-0.252
-0.296
0.029
-0.465
0.119
-0.03
-0.323
-0.03
-0.097
0.123
-0.342
-0.203
0.16
-0.32
-0.029
-0.108
-0.031
-0.132
0.176
-0.476
-0.741
-0.167
0.159
0.126
-0.219
-0.1
-0.18
-0.01
-0.014
-0.498
-0.204
-0.073
-0.102
0.036
-0.086
-0.148
-0.21
0.107
0.34
0.278
-0.389
-0.313
0.401
-0.001
-0.422
-0.505
0.214
0.035
-0.223
0.257
0.124
0.651
-0.32
-0.046
-0.593
0.018
0.136
0.055
0.051
0.203
-0.027
-0.117
1.004
-0.068
-0.103
1.497
-0.032
-0.091
-0.452
-0.159
-0.055
-0.41
-0.151
-0.303
-0.225
-0.1
-0.055
-0.001
-0.378
0.198
0.105
-0.285
-0.001
0.078
-0.453
0.001
-0.055
-0.299
-0.153
0.576
0.334
-0.55
-0.49
0.154
0.308
-0.491
-0.247
0.558
-0.158
-0.101
-0.637
-0.067
-0.078
-0.138
0.162
0.086
-1.032
-0.264
-0.268
0.616
0.501
-0.364
-0.309
0.41
-0.202
-0.525
0.037
-0.335
0.155
0.057
-0.089
0.248
0.416
0.307
-0.014
0.388
0.347
0.017
-0.062
0.256
-0.141
-0.013
-0.635
-0.189
-0.104
0.055
0.007
0.212
-1.053
-0.081
-0.661
-1.574
-0.161
-0.031
-0.481
-0.034
0.094
-0.075
-0.172
0.657
0.106
-0.115
-0.076
0.168
0.068
-0.325
-0.57
0.343
-0.242
-0.11
0.059
0.136
0.249
0.27
0.237
0.151
0.485
0.039
0.28
-0.443
0.096
0.186
-0.184
-0.02
0.218
-0.102
0.185
-0.158
0.123
0.169
-0.103
-0.203
-0.12
-0.013
0.089
-0.049
0.355
0.085
0.086
0.501
-0.136
-0.318
-0.086
-0.008
-0.486
-0.115
0.113
0.019
-0.19
-0.081
0.546
0.22
-0.307
0.158
0.11
0.304
0.121
0.284
0.165
0.046
0.124
-0.726
0.085
0.068
-0.316
-0.046
0.077
0.086
-0.148
-0.262
-0.149
0.216
0.424
0.006
0.134
0.217
-0.233
0.003
0.236
-0.455
-0.188
0.335
-0.074
0.056
0.242
-0.147
-0.123
-0.135
0.015
0.575
-0.03
0.071
0.074
-0.15
0.162
-0.057
0.394
-0.289
0.608
-0.226
-0.17
0.411
-0.231
0.194
-0.229
0.3
0.458
0.201
0.075
0.384
0.066
0.356
0.066
-0.498
-0.629
0.084
-0.171
-0.077
-0.208
-0.1
0.023
0.063
-0.106
0.184
0.374
0.003
-0.25
0.12
0.16
-0.311
0.204
-0.025
0.233
0.197
0.182
-0.007
0.058
0.166
0.35
-0.184
-0.195
-0.479
-0.034
-0.17
-0.044
0.273
-0.073
0.058
0.193
0.175
0.287
0.329
-0.066
0.012
-0.219
-0.221
-0.359
0.334
-0.095
-0.091
0.279
0.136
-0.552
-0.374
-0.142
-0.359
0.253
0.185
-0.152
-0.397
0.094
0.355
-0.089
0.293
0.245
0.338
0.188
-0.512
0.417
0.093
-0.182
-0.182
0.078
-0.021
0.105
0.115
0.096
0.06
0.233
-0.282
0.098
0.793
0.057
-0.219
-0.094
0.09
-0.077
-0.596
-0.137
-0.344
0.158
0.203
-0.28
0.079
-0.458
-0.416
0.694
-0.141
0.153
-0.2
-0.007
0.026
0.318
1.09
0.216
-0.004
0.065
-0.342
0.059
-0.112
0.121
-0.113
0.074
-0.259
-0.052
-0.44
0.143
-0.088
0.043
-0.177
0.204
-0.267
-0.088
-0.253
0.312
-0.271
0.118
0.243
0.194
0.163
-0.058
0.076
0.16
-0.105
0.001
-0.329
-0.192
0.152
-0.096
0.106
0.018
0.102
-0.198
0.472
0.362
0.222
0.02
-0.015
0.152
0.085
-0.646
-0.078
0.221
-0.23
0.014
-0.158
0.033
-0.39
-0.89
-0.104
-0.085
0.181
-0.062
0.189
-0.147
-0.151
0.122
-0.369
0.153
0.138
0.038
0.171
0.248
0.266
-0.116
-0.029
-0.054
-0.033
-0.129
0.496
-0.149
0.381
0.362
0.134
0.27
0.079
0.179
-0.169
-0.06
-0.22
-0.161
0.18
-0.268
0.074
-0.206
0.234
-0.705
0.289
-0.024
0.147
-0.031
-0.124
-0.081
0.115
0.163
0.153
-0.351
-0.159
-0.475
-0.46
-0.06
-0.146
0.117
-0.596
0.315
-0.499
-0.418
-0.012
0.038
0.051
0.119
0.224
0.114
0.091
-0.16
-0.207
-0.157
-0.449
-0.023
0.236
0.305
-0.028
0.447
-0.13
-0.408
0.006
0.224
-0.162
0.249
0.09
-0.203
-0.207
-0.437
-0.303
-0.097
-0.114
0.173
-0.013
0.042
-0.218
0.057
-0.194
0.089
-0.186
-0.304
-0.045
0.146
-0.354
-0.138
-0.156
-0.167
0.128
0.026
-0.002
-0.211
0.005
-0.027
-0.089
-0.082
0.229
0.231
0.148
-0.086
0.161
0.469
0.09
0.372
0.221
-0.043
0.246
-0.171
-0.213
-0.445
-0.45
0.744
-0.473
0.134
0.117
-0.225
0.036
-0.369
-0.039
0.35
-0.538
-0.099
-0.289
0.541
0.153
-0.033
-0.358
-0.017
0.057
-0.016
-0.287
0.024
0.092
0.235
0.021
0.027
0.586
0.326
0.24
-0.118
0.131
-0.013
0.118
0.494
0.34
0.15
-0.56
-0.307
0.035
0.015
0.242
0.043
0.186
-0.125
-0.282
-0.281
-0.211
0.038
0.132
-0.038
0.118
-0.04
-0.224
-0.05
0.319
0.006
0.493
-0.338
-0.081
0.097
-0.038
0.412
-0.119
-0.19
0.138
0.151
-0.33
-0.027
0.205
-0.037
-0.009
-0.339
-0.387
-0.128
-0.109
-0.386
0.224
0.041
0.026
-0.145
0.164
-0.444
0.102
0.157
0.179
-0.184
0.168
-0.134
-0.287
0.299
-0.049
0.174
-0.174
0.074
-0.158
0.077
-0.647
-0.016
0.215
-0.096
-0.525
-0.022
-0.146
0.057
-0.327
0.008
0.162
-0.33
-0.176
-0.248
0.02
0.115
0.367
-0.167
0.185
-0.054
0.384
-0.016
-0.348
-0.223
-0.142
-0.074
0.393
0.184
0.194
0.366
0.177
-0.234
-0.057
-0.363
-0.189
-0.071
0.011
0.093
-0.068
0.537
-0.25
0.058
0.113
-0.22
-0.347
0.071
0.021
0.211
-0.013
0.135
0.206
0.053
0.021
0.343
-0.055
0.312
-0.079
-0.098
0.115
0.406
-0.219
-0.032
-0.421
-0.272
0.139
0.331
0.135
-0.488
0.095
0.069
-0.009
0.462
0.183
0.001
-0.564
0.017
0.059
-0.116
-0.261
0.197
0.295
0.601
0.092
-0.05
0.008
-0.164
-0.065
-0.071
-0.473
-0.03
0.102
0.042
0.009
0.048
0.149
0.074
0.012
0.129
0.327
-0.041
0.384
0.002
0.077
-0.017
0.174
-0.672
0.01
-0.713
-0.81
-0.346
-0.173
0.072
-0.552
0.597
0.074
0.19
0.353
0.111
0.08
-0.302
-0.057
0.14
0.016
-0.353
-0.412
-0.349
-0.318
-0.138
-0.14
-0.109
-0.205
0.185
0.35
0.156
0.274
0.068
0.276
0.191
0.143
0.313
0.02
0.268
0.074
-0.713
-0.086
0.166
-0.048
0.158
-0.388
0.244
0.144
-0.531
0.197
-0.016
-0.147
0.21
0.426
0.608
0.092
0.013
-0.06
0.429
0.238
0.377
0.151
0.212
0.083
0.001
-0.173
0.081
-0.63
-0.373
0.079
-0.252
0.019
-0.308
-0.152
-0.07
0.088
-0.121
0.31
-0.366
0.345
-0.128
0.118
-0.015
0.222
-0.257
0.024
0.346
0.37
-0.132
0.36
0.227
0.106
0.189
0.331
-0.119
0.24
-0.228
-0.283
0.387
0.023
0.078
-0.165
0.306
-0.18
0.244
0.205
-0.141
-0.537
-0.004
-0.017
0.209
0.036
0.187
0.355
0.203
-0.117
0.085
0.115
-0.352
-0.117
0.313
0.367
-0.076
0.405
0.075
-0.149
-0.195
-0.102
0.131
-0.288
0.198
-0.132
0.244
-0.314
-0.274
0.151
-0.094
-0.029
0.268
0.272
-0.171
-0.025
0.327
0.075
0.496
0.192
-0.138
0.209
0.015
-0.196
0.049
0.093
-0.185
0.217
-0.046
-0.064
-0.05
0.202
-0.388
-0.071
0.516
0.239
-0.001
0.475
-0.069
0.349
0.305
0.177
-0.2
-0.745
0.097
-0.167
-0.35
0.251
-0.309
-0.041
0.014
0.068
-0.29
-0.403
0.191
-0.256
0.261
-0.276
0.144
-0.532
0.06
-0.01
0.191
0.338
0.327
-0.263
-0.018
0.211
0.293
0.297
0.081
0.924
0.256
0.315
-0.02
0.23
0.435
0.492
0.311
0.113
-0.239
-0.246
0.169
-0.269
-0.112
-0.244
0.32
0.405
0.084
-0.542
-0.088
0.768
0.429
-0.056
0.155
0.087
0.076
0.028
-0.291
0.234
0.477
0.23
0.127
0.221
0.089
-0.021
-0.251
0.226
0.121
0.302
-0.306
-0.068
0.045
0.397
-0.482
0.229
0.038
-0.358
-0.082
0.152
-0.005
-0.014
-0.257
0.03
-0.355
-0.248
0.7
-0.35
-0.272
-0.053
0.328
-0.34
0.039
0.224
-0.263
-0.519
0.199
0.04
-0.215
-0.276
0.134
-0.341
-0.107
0.085
-0.092
0.149
0.298
-0.117
0.014
0.206
0.136
0.084
-0.768
-0.278
0.353
0.269
-0.165
-0.236
0.309
0.566
0.301
-0.086
0.378
0.077
0.002
-0.163
0.097
0.09
-0.202
0.257
0.503
-0.167
0.438
0.07
0.225
0.172
-0.064
0.156
0.233
0.351
0.147
0.234
-0.119
-0.168
0.148
0.326
0.587
-0.449
0.171
-0.162
0.417
0.065
0.133
0.237
-0.046
0.208
0.296
-0.281
0.172
0.094
0.318
0.204
0.042
0.155
-0.4
-0.389
-0.109
0.146
-0.149
-0.375
0.304
-0.327
0.024
0.013
-0.039
0.419
-0.066
-0.016
0.255
0.164
-0.079
-0.046
-0.342
0.561
0.47
0.13
0.248
0.075
-0.606
0.19
-0.324
-0.07
0.023
-0.18
-0.219
-0.027
0.152
0.164
-0.125
-0.415
0.006
0.014
-0.487
-0.01
0.252
-0.217
0.006
0.335
0.36
0.808
-0.1
-0.054
-0.113
-1.481
0.336
-0.282
-1.047
0.181
0.088
-0.091
-0.016
-0.049
-0.165
-0.116
-0.136
-0.113
0.118
0.04
-0.351
0.098
0.201
-0.295
0.039
0.096
-0.061
-0.245
-0.433
0.464
0.289
0.082
0.153
-0.027
0.136
0.025
-0.308
0.155
-0.316
0.081
0.428
0.329
0.064
0.662
-0.139
-0.088
-0.288
0.1
0.271
-0.404
0.018
-0.045
0.216
0.014
-0.459
-0.314
0.233
0.271
0.289
-0.264
-0.273
-0.064
0.088
0.226
0.132
0.057
0.143
0.402
-0.012
-0.342
0.393
0.178
0.052
0.008
-0.431
0.23
-0.025
0.212
-0.369
0.008
-0.148
0.372
-0.584
0.133
-0.053
0.241
0.236
0.181
-0.225
-0.261
-0.101
0.363
-0.153
-0.2
0.57
0.283
-0.202
0.4
-0.089
-0.129
0.236
0.266
0.24
0.169
-0.022
1.531
0.233
0
0.302
-0.045
0.051
0.604
0.206
0.094
-0.056
0.481
-0.011
-0.196
-0.187
0.488
0.485
-0.291
-0.368
0.294
0.08
-0.462
0.033
0.404
-0.169
0.016
0.102
0.117
0.19
0.226
0.031
-0.507
0.085
-0.134
-0.107
-0.278
-0.083
0.291
0.237
-0.033
-0.243
-0.503
-0.18
0.119
0.305
0.223
0.029
0.4
-0.292
-0.438
-0.611
-0.051
-0.341
-0.072
-0.043
-0.415
-0.295
-0.047
0.038
-0.141
0.123
0.33
-0.256
-0.153
-0.427
-0.002
-0.204
-0.099
-0.364
-0.389
-0.506
0.061
0.001
-0.049
-0.015
-0.341
-0.245
0.196
0.105
-0.556
-0.002
1.664
0.425
-0.008
-0.353
-0.174
-0.57
-0.258
0.015
0.004
0.243
-0.173
0.115
-0.142
-0.075
0.004
-0.811
-0.152
-0.566
-0.158
-0.15
-0.011
0.186
-0.138
-0.004
-0.266
0.189
-0.356
-0.023
-0.009
0.017
0.167
0.087
-0.093
0.131
0.185
-0.208
-0.474
-0.034
0.654
0.019
0.326
0.044
0.007
-0.149
-0.148
0.209
0.36
0.088
0.133
-0.415
-1.014
0.012
-0.137
-0.216
-0.489
0.051
-0.014
-0.379
-0.428
-0.043
-0.112
0.033
0.002
0.06
-0.382
0.295
-0.31
0.143
-0.012
-0.163
-0.007
-0.003
0.122
0.002
-0.117
-0.508
-0.465
-0.18
-0.605
-0.086
-0.309
-0.064
-0.013
0.164
-0.03
0.036
-0.192
-0.186
-0.114
-0.211
0.186
0.313
0.088
0.211
-0.45
-0.072
-0.122
-0.284
-0.637
0.282
-0.312
0.096
-0.035
0.152
-0.068
-0.071
-0.096
-0.222
-0.099
0.279
-0.29
0.436
-1.217
0.275
-0.523
-0.325
-0.757
-0.169
0.061
-0.427
0.009
-0.055
-0.051
0.16
0.178
0.092
-0.141
-0.138
0.021
0.387
-0.116
-0.096
0.285
-0.443
0.1
0.37
0.379
0.216
-0.332
0.415
0.42
0.041
0.374
0.307
-0.246
0.146
0.54
-0.503
0.285
0.179
0.157
0.416
-0.073
0.26
-0.035
0.021
-0.269
-0.142
-0.29
-0.492
0.231
0.324
-0.013
-0.008
0.076
0.119
-0.157
0.391
-0.63
0.257
-0.015
0.028
0.2
-0.009
0.314
0.162
0.518
0.257
0.024
0.231
0.176
0.252
-0.088
-0.145
0.263
-0.044
-0.047
-0.46
0.001
0.15
-0.146
0.053
0.122
1.229
0.126
-0.171
0.134
-0.074
-0.183
0.355
0.055
-0.227
0.326
0.031
0.384
0.3
0.284
0.307
-0.443
-0.185
0.009
0.404
0.097
0.263
0.04
0.326
0.04
-0.284
-0.009
0.305
0.104
0.289
0.031
0.729
-0.53
-0.189
0.219
0.612
0.272
-0.152
-0.061
-0.297
0.049
-0.17
0.19
-0.04
0.209
-0.119
0.261
-0.209
0.431
-0.073
-0.18
-0.289
0.137
0.329
-0.061
-0.03
-0.202
0.419
0.058
0.651
0.288
0.099
0.259
-0.288
-0.623
0.255
0.464
0.223
0.421
0.225
0.003
-0.036
-0.056
-0.388
-0.172
-0.065
0.359
0.313
-0.069
-0.342
0.379
0.147
-0.13
0.122
-0.241
0.04
0.119
-0.084
0.285
0.319
-0.159
-0.114
0.564
0.173
0.023
-0.002
0.062
-0.037
0.211
0.524
0.196
0.242
0.115
0.238
0.092
-0.187
0.15
0.115
-0.085
0.063
-0.482
0.392
0.043
0.28
-0.039
-0.182
-0.237
0.002
0.144
-0.127
0.017
-0.081
0.001
0.274
0.562
0.262
0.324
0.054
-0.039
0.381
0.165
-0.048
0.532
0.181
0.428
-0.294
-0.066
0.875
0.062
0.161
-0.434
-0.468
-0.109
-0.215
-0.179
-0.503
-0.069
0.016
0.449
0.182
0.169
0.297
0.008
0.017
0.186
0.359
0.019
-0.268
-0.318
-0.103
1.084
0.319
-0.072
-0.243
-0.045
-0.079
0.123
-0.247
0.022
-0.259
-0.229
-0.131
0.341
-0.031
0.011
-0.318
0.224
-0.668
-0.094
0.186
-0.15
0.023
-0.135
0.513
-0.409
0.145
0.33
-0.016
0.464
0.227
0.286
0.018
-0.203
-0.011
0.134
0.126
-0.166
-0.497
0.309
-0.007
-0.132
0
-0.072
0.212
0.131
0.059
-0.019
0.512
0.311
0.562
0.064
-0.049
0.022
0.02
0.339
0.499
0.008
0.233
0.463
0.196
0.087
-0.37
-0.275
-0.356
0.315
0.237
-0.147
0.287
-0.03
-0.212
0.28
0.889
0.359
0.458
0.097
0.294
0.285
0.193
0.247
-0.061
0.25
0.139
-0.101
0.849
0.169
-0.311
0.04
-0.143
0.342
-0.037
-0.276
-0.331
0.303
-0.232
0.079
0.095
-0.086
-0.133
0.089
0.117
-0.11
-0.393
0.07
-0.138
0.326
-0.06
0.288
-0.215
-0.295
-0.002
0.135
0.631
0.121
-0.335
0.236
-0.179
0.592
0.289
-0.382
1.251
-0.28
0.149
-0.284
0.097
-0.283
-0.146
-0.178
-0.195
0.295
-0.319
0.062
0.291
0.188
-0.314
0.006
-0.325
-0.126
0.659
-0.012
0.057
-0.149
-0.228
-0.346
-0.027
0.097
-0.586
-0.436
-0.445
-0.414
-0.098
-0.201
0.401
0.169
0.097
-0.106
0.123
0.224
0.128
0.111
0.096
0.024
-0.236
0.302
0.5
0.121
0.198
0.136
-0.213
-0.16
0.408
0.007
0.326
0.121
0.123
0.268
0.368
0.141
0.054
0.006
0.161
-0.061
-0.077
0.308
-0.081
-0.05
0.279
0.025
0.089
-0.438
-0.071
0.208
-0.254
0.043
-0.463
0.028
0.025
0.025
-0.283
0.01
-0.043
-0.131
-0.048
-0.163
-0.172
-0.021
-0.252
0.216
-0.05
0.377
0.205
-0.35
0.368
-0.206
0.144
0.272
-0.139
0.612
0.152
-0.452
0.143
-0.316
-0.033
-0.416
0.108
-0.083
0.096
-0.294
-0.17
0.152
0.451
0.035
-0.456
0.194
-0.363
-0.066
0.108
0.249
-0.402
-0.108
-0.396
0.031
0.331
-0.02
0.408
0.677
-0.366
0.06
-0.027
-0.33
-0.13
-0.205
-0.147
-0.123
0.02
-0.424
-0.698
0.103
-0.329
0.629
-0.657
0.251
-0.297
0.072
-0.732
-0.242
0.269
-0.431
-0.504
-0.305
-0.129
-0.142
0.045
0.323
-0.404
-0.224
-0.082
-0.327
-0.086
0.31
1.138
0.318
0.045
0.096
0.202
0.377
0.048
-0.237
0.503
0.193
-0.102
0.067
0.067
0.296
-0.117
0.75
0.296
-0.476
-0.129
-0.018
-0.239
-0.687
0.199
0.363
0.358
-0.682
0.161
-0.069
0.045
0.636
1.013
0.199
-0.064
-0.039
-0.401
0.07
-0.386
0.086
0.664
0.014
-0.387
-0.178
-0.36
0.119
0.113
-0.028
-0.044
-0.071
0.325
-0.061
-0.301
-0.071
-0.652
0.505
-0.271
0.522
0.389
0.309
0.278
-0.241
0.088
-0.886
0.1
-0.075
0.04
-0.661
-0.164
-0.139
-0.152
-0.338
-0.015
0
-0.215
0.418
0.15
0.152
0.055
0.122
0.163
0.077
0.011
-0.231
-0.183
0.136
-0.299
0.347
-0.288
-0.586
-0.376
0.463
0.152
-0.391
0.101
0.256
-0.603
-0.028
-0.116
-0.425
0.287
-0.561
0.439
-0.449
0.194
-0.154
-0.506
0.274
0.015
-0.588
-0.098
-0.294
-0.255
0
-0.154
0.089
-0.157
-0.101
0.795
-0.103
0.031
-0.344
-0.108
-0.258
0.409
-0.083
0.091
0.03
-0.307
-0.196
0.109
0.095
0.312
0.431
0.22
-0.047
-0.004
-0.241
-0.492
-0.082
0.042
0.151
0.267
-0.096
0.186
0.338
-0.574
-0.448
-0.015
-0.24
-0.13
0.057
-0.082
0.516
0.355
0.055
0.047
0.064
0.011
-0.192
0.165
0.427
-0.07
0.221
-0.524
0.231
-0.032
-0.235
0.258
0.763
0.14
0.095
0.183
-0.115
-0.164
0.346
0.411
-0.021
0.403
-0.049
0.819
0.149
0.22
0.145
-0.526
0.204
0.361
-0.208
-0.188
0.13
0.529
0.067
0.083
0.285
0.563
0.457
0.117
0.256
0.169
-0.037
0.058
-0.065
0.122
-0.186
0.177
-0.195
0.271
-0.048
-0.47
-0.668
-0.13
0.465
0.207
0.155
-0.35
0.094
0.224
-0.155
0.178
0.12
0.368
0.1
0.315
-0.023
0.266
0.127
0.239
0.511
-0.367
-0.274
-0.135
-0.188
0.623
-0.022
-0.206
0.02
0.07
0.677
0.047
-0.042
-0.263
0.126
0.41
0.058
-0.265
0.218
0.098
0.685
0.144
0.464
0.082
0.395
0.179
0.63
-0.27
0.2
0.078
-0.632
0.188
0.408
0.076
-0.244
-0.173
0.204
-0.098
-0.129
0.26
0.151
0.383
0.093
-0.285
-0.05
-0.071
0.412
0.224
0.33
-0.114
0.165
-0.107
-0.216
0.054
0.2
0.119
-0.007
-0.086
-0.302
-0.048
-0.419
0.115
0.231
-0.231
0.394
0.177
0.256
-0.341
-0.324
0.019
0.079
0.315
-0.067
0.247
0.315
-0.202
-0.073
0.085
0.274
-0.225
-0.058
0.124
0.037
0.104
0.058
0.69
-0.1
-0.258
0.064
0.321
0.523
0.261
-0.168
0.311
0.255
0.336
0.355
0.107
0.157
0.03
-0.109
0.151
0.181
0.232
-0.206
0.395
0.154
0.173
0.127
-0.039
0.056
-0.176
0.332
0.119
-0.171
0.272
0.19
0.382
0.15
-0.091
0.317
0.555
0.368
1.074
0.098
-0.104
-0.101
0.239
0.405
0.335
0.153
-0.221
-0.943
0.158
-0.003
0.083
0.128
-0.045
0.04
0.237
-0.16
-0.02
-0.178
0.212
0.189
-0.128
0.066
0.498
-0.172
0.288
0.28
0.074
0.194
0.046
0.132
0.121
0.378
-0.232
-0.063
0.09
-0.175
0.241
-0.003
-0.452
0.314
0.054
0.02
0.519
-0.18
-0.262
0.465
-0.473
-0.058
-0.195
0.144
0.059
-0.322
0.053
0.238
-0.026
0.063
0.309
-0.317
0.505
0.06
0.31
-0.125
0.177
0.398
-0.042
0.087
0.118
0.476
-0.184
-0.426
0.163
-0.383
0.038
-0.339
-0.23
-0.292
0.233
-0.416
0.079
0.084
0.161
-0.063
-0.187
-0.573
-0.41
-0.227
0.31
-0.487
-0.225
-0.081
-0.349
-0.639
-0.124
0.008
0.418
0.376
-0.2
0.285
-0.307
-0.178
-0.655
-0.272
-0.199
-0.434
0.289
-0.429
-0.537
0.267
-1.456
-0.077
-0.059
-0.813
-0.478
-0.142
0.808
-0.358
0.024
-0.189
-0.4
1.11
0.066
0.366
-0.143
-0.204
0.087
0.259
0.115
0.13
0.222
0.232
-0.15
-0.584
0.042
-0.55
-0.437
0.588
0.572
-0.251
-0.045
-0.275
0.116
0.113
-0.042
-0.438
0.002
0.348
-0.199
-0.017
-0.857
-0.011
-0.131
-0.483
0.155
-0.148
-0.082
0.157
0.117
0.233
-0.18
0.147
-0.273
0.298
0.302
0.061
0.273
0.348
0.212
-0.064
0.089
0.113
-0.493
0.085
0.216
-0.272
-0.309
-0.411
0.083
0.207
-0.093
-0.435
-0.698
0.157
0.502
0.135
0.332
-0.216
0.314
-0.412
-0.302
-0.206
-0.098
0.16
0.191
0.244
-0.497
0.27
-0.044
-0.029
-0.003
-0.491
0.094
-0.196
0.026
0.039
-0.414
-0.178
-0.453
-0.114
0.34
-0.41
0.186
-0.123
-0.571
-0.226
-0.325
0.03
-0.273
0.038
0.272
-0.171
0.216
0.033
-0.511
-0.23
-0.224
0.2
0.759
-0.103
-0.198
0.11
-0.218
-0.236
-0.093
-0.375
0.258
0.327
0.269
-0.315
-0.188
-0.139
-0.202
0.001
0.281
0.179
-0.316
0.315
0.195
0.105
-0.091
-0.338
0.04
-0.429
0.007
-0.164
0.233
-0.122
0.181
0.039
0.008
-0.042
-0.066
-0.091
0.231
-0.629
-0.485
0.038
0.206
-0.498
-0.006
0.575
0.198
-0.026
0.55
-0.062
-0.091
0.297
-0.667
-0.04
-0.138
0.444
-0.072
-0.449
-0.102
0.006
-0.071
0.36
-0.114
-0.437
-0.461
-0.828
0.076
-0.316
-0.214
0.18
0.134
0.098
0.078
0.064
0.016
0.396
0.24
-0.127
0.217
0.361
0.016
0.028
0.244
-0.609
-0.197
0.453
0.164
0.622
0.224
0.073
0.237
0.396
-0.006
0.418
0.487
0.003
0.191
-0.304
-0.197
-0.084
0.242
0.166
0.398
0.203
-0.26
0.189
0.262
0.079
0.104
0.321
0.08
0.813
-0.428
0.107
0.113
-0.063
-0.053
0.241
0.065
0.09
0.3
0.015
-0.243
-0.033
-0.092
0.386
-0.24
-0.14
-0.256
-0.093
-0.088
-0.367
0.36
0.076
0.086
-0.116
-0.18
0.577
0.172
0.061
0.066
0.29
-0.189
0.158
0.318
0.994
0.081
0.228
0.531
-0.307
0.995
0.155
0.229
-0.034
-0.102
-0.01
0.175
0.581
0.172
0.114
0.117
-0.016
-0.028
-0.17
0.13
0.017
-0.26
0
-0.313
-0.246
-0.245
0.072
-0.577
-0.222
0.076
0.133
0.041
0.102
0.049
-0.401
-0.092
-0.146
-0.105
-0.104
0.201
-0.472
0.279
0.291
-0.087
-0.168
0.4
0.056
-0.693
0.438
-0.564
-0.283
-0.136
-0.155
0.058
-0.166
0.283
0.154
0.144
-0.14
-0.526
0.005
-0.02
-0.323
0.186
0.066
0.141
-0.269
0.096
-0.242
0.014
-0.469
-0.651
-0.098
-0.032
0.645
-0.12
-0.251
-0.033
-0.102
-0.709
0.169
0.271
0.145
0.385
0.127
-0.201
-0.283
-0.081
-0.01
0.316
-0.201
-0.469
-0.057
-0.05
0.565
-0.425
0.172
0.144
-0.367
0.039
0.161
-0.295
-0.019
-0.268
-0.051
-0.132
0.104
0.166
-0.062
-0.494
0.143
0.252
-0.396
-0.291
-0.197
0.436
0.348
-0.031
0.24
-0.072
-0.227
-0.202
-0.182
-0.081
0.282
-0.075
-0.055
-0.063
0.241
-0.029
-0.147
0.155
-0.48
0.248
0.777
0.938
0.27
0.314
0.275
0.243
0.331
-0.196
-0.214
0.008
0.102
-0.029
-0.139
-0.141
-0.241
-0.171
-0.169
0.084
-0.214
0.197
0.245
0.251
0.289
-0.146
0.15
-0.023
0.165
0.121
-0.605
-0.112
-0.008
-0.235
-0.133
-0.094
-0.285
0.134
-0.139
0.599
0.68
0.219
0.029
-0.13
-0.224
-0.143
0.137
-0.084
0.362
0.012
-0.27
-0.232
-0.445
0.294
0.024
0.038
0.358
0.499
-0.346
0.031
0.095
0.313
0.173
0.422
0.258
0.174
0.484
-0.1
0.199
-0.147
0.101
0.2
-0.191
0.181
0.246
-0.074
-0.201
-0.594
-0.093
0.139
0.294
0.271
0.359
0.18
0.097
0.313
0.357
-0.199
0.284
-0.056
0.211
-0.061
-0.072
-0.011
-0.126
0.031
0.224
0.585
0.507
0.207
0.112
0.034
-0.442
-0.054
0.193
0.219
0.058
0.444
0.264
-0.021
0.315
0.273
0.085
0.277
-0.021
0.004
0.219
0.097
0.114
0.163
-0.054
0.097
0.235
-0.036
0.101
0.277
0.278
-0.264
0.396
-0.094
0.395
0.071
0.349
0.281
0.167
-0.13
0.098
0.177
-0.107
0.251
0.135
0.02
-0.01
-0.24
-0.163
0.307
-1.065
-0.141
0.137
0.165
0.048
0.395
0.671
0.038
0.283
0.055
0.133
0.171
0.246
-0.336
-0.203
0.012
0.042
-0.293
-0.221
0.083
-0.331
0.12
-0.018
0.15
-0.258
0.11
-0.223
-0.364
-0.131
0.385
-0.145
0.329
-0.017
0.285
0.148
-0.248
0.036
0.187
-0.1
0.288
0.063
0.217
0.049
0.107
-0.025
-0.267
-0.391
0.026
0.005
-0.012
0.055
0.27
0.043
-0.181
0.065
-0.037
0.21
-0.145
-0.322
0.376
0.266
0.298
0.025
0.236
0.05
0.099
0.039
-0.234
0.096
-0.024
0.083
0.025
0.032
0.111
-0.003
0.257
-0.289
-0.429
-0.696
-0.344
-0.249
-0.255
-0.088
0.915
-0.008
0.008
-0.617
0.096
-0.062
0.255
-0.526
-0.543
-0.155
-0.107
-0.068
-0.049
-0.593
-0.592
-0.284
-0.111
0.134
-0.362
-0.468
0.079
-0.409
0.156
-0.401
-0.267
0.055
0.041
-0.142
-0.267
0.025
-0.114
-0.333
-0.126
-0.254
0.184
-0.275
-0.569
-0.395
-0.347
-0.521
-0.28
0.267
0.171
-0.233
-0.463
-0.023
-0.144
0.239
-0.34
-0.247
-0.114
-0.069
0.02
-0.384
-0.001
0.037
-0.278
-0.037
0.608
-0.646
0.21
0.485
0.997
0.234
-0.493
-0.163
-0.049
-0.165
0.074
0.157
0.229
0.253
0.028
0.425
-0.313
-0.35
-0.121
0.192
-0.029
-0.095
0.262
0.577
-0.219
0.057
0.055
-0.143
0.641
-0.294
-0.2
-0.12
0.223
0.009
-0.159
0.466
-0.385
-0.393
-0.495
-0.505
0.159
0.382
0.035
0.341
-0.004
0.024
-0.139
0.159
0.086
0.187
-0.169
0.127
0.041
0.306
-0.137
0.388
-0.022
0.224
0.142
-0.159
0.411
0.227
0.423
0.38
-0.117
-0.005
0.331
0.362
0.039
0.06
0.522
0.539
0.005
0.316
0.357
0.191
0.115
-0.298
-0.068
0.218
0.01
0.37
0.197
0.352
0.415
0.13
-0.172
0.3
-0.112
0.41
-0.132
0.188
0.025
-0.121
-0.064
0.273
0.082
-0.344
0.247
0.452
0.241
-0.137
-0.069
-0.074
-0.062
-0.331
0.157
-0.35
-0.219
-0.193
0.315
-0.21
-0.338
0.113
0.255
-0.169
-0.039
0.42
-0.13
0.51
-0.067
-0.317
-0.061
-0.298
0.233
0.024
0.331
-0.152
0.271
0.264
-0.293
0.002
0.371
-0.316
-0.044
-0.196
-0.141
0.106
-0.157
0.026
-0.413
-0.429
-0.29
-0.036
0.033
-0.255
-0.478
-0.167
-0.368
0.082
-0.096
0.112
-0.041
-0.126
0.188
-0.652
-0.493
-0.126
-0.442
-0.225
-0.118
0.128
2.51
-0.307
0.046
0.24
-0.128
-0.54
0.012
0.041
0.092
-0.194
0.905
0.259
-0.22
-0.598
-0.299
-0.054
-0.051
0.091
-0.134
0.23
0.285
0.462
-0.053
0.006
0.086
-0.193
0.137
0.196
-0.221
0.01
-0.465
-0.378
0.288
0.459
0.541
-0.35
-0.066
0.026
0.211
-0.226
0.183
0.033
-0.681
-0.244
0.066
0.223
0.617
0.036
0.022
0.047
-0.375
0.219
0.452
0.174
0.134
0.081
0.053
0.092
0.686
-0.252
-0.098
-0.061
-0.203
-0.141
0.3
0.039
0.264
-0.329
-0.382
-0.13
0.355
0.406
0.231
0.175
0.185
-0.002
0.463
-0.047
-0.328
0.007
0.19
-0.158
-0.084
0.02
0.184
-0.05
-0.416
0.591
0.023
0.574
0.125
-0.197
-0.658
0.012
0.417
-0.183
0.342
-0.313
-0.084
0.052
0.442
0.336
0.637
-0.043
0.293
0.771
0.085
-0.052
-0.69
-0.206
-0.071
0.268
-0.106
-0.067
-0.034
0.22
0.361
-0.02
0.154
-0.191
0.236
0.091
-0.022
0.22
0.029
-0.256
0.444
-0.212
0.059
-0.201
0.062
0.085
-0.085
0.058
-0.042
0.201
0.048
-0.01
-0.234
-0.358
-0.191
0.295
0.231
0.176
0.354
0.149
-0.24
-0.163
-0.317
-0.017
0.195
0.21
0.349
-0.064
-0.382
0.226
0.325
0.14
0.304
0.409
0.12
-0.248
0.218
0.264
-0.403
0.297
0.323
-0.003
0.298
-0.039
0.239
-0.201
0.052
0.055
-0.128
-0.026
0.007
1.017
0.717
-0.055
-0.13
0.222
-0.085
0.324
0.007
0.058
0.298
-0.026
0.198
-0.051
0.672
0.29
0.119
-0.564
0.066
0.113
0.357
-0.014
0.318
-0.001
-0.022
0.397
-0.555
0.138
0.459
0.576
-0.029
0.086
0.27
-0.411
0.096
-0.398
0.13
0.167
0.203
0.344
-0.312
-0.072
0.089
0.26
0.393
0.499
0.127
-0.316
0.474
-0.009
-0.197
0.098
-0.008
0.016
0.714
-0.271
-0.246
0.049
0.671
-0.317
-0.232
-0.537
0.386
0.025
0.056
-0.294
0.001
-0.183
0.096
-0.523
-0.775
-0.656
0.072
-0.298
-0.218
-0.316
-0.624
0.02
-0.227
-0.063
-0.531
-0.46
-0.313
-0.019
-0.178
-0.096
-0.817
0.232
-0.589
-0.093
-0.529
-0.576
0.104
-0.054
0.584
-0.392
-0.108
0.128
0.057
0.011
0.506
-0.554
0.494
0.193
0.069
-0.546
0.188
-0.297
0.154
-0.071
0.404
0.399
-0.254
0.087
0.044
-0.149
-0.383
-0.288
0.546
-0.195
-0.309
-0.58
0.078
-0.383
-0.799
0.01
-0.381
0.188
-0.452
0.056
-0.062
0.065
-0.008
0.049
0.658
-0.038
-0.308
-0.127
0.119
0.109
0.02
0.356
-0.026
-0.054
-0.296
-0.449
-0.212
0.159
0.365
-0.014
-0.172
0.135
0.041
0.262
0.371
-0.409
-0.1
1.502
-0.185
0.017
0.573
0.11
0.218
0.045
0.793
-0.128
0.691
0.507
-0.649
0.017
0.204
0.275
0.431
-0.064
1.152
-0.202
-0.397
0.337
-0.09
-0.376
0.1
0.133
0.125
-0.142
0.569
0.335
-0.003
0.388
0.092
0.006
0.169
-0.12
-0.348
0.252
-0.286
0.052
-0.046
-0.327
0.073
2.927
-0.098
0.406
-0.196
-0.187
-0.065
-0.428
0.358
-0.099
-0.575
-0.304
0.424
-0.642
0.149
0.35
0.558
0.057
-0.272
0.583
0.214
-0.059
0.284
0.03
-0.205
0.571
-0.253
0.323
0.237
0.22
0.443
0.123
0.326
0.74
0.195
-0.212
0.098
0.304
-0.258
0.569
0.62
0.078
-0.133
-0.462
0.076
0.04
0.156
0.402
0.137
-0.089
0.296
-0.473
0.275
0.073
-0.133
-0.135
-0.066
-0.567
0.026
0.048
0.227
-0.561
0.06
0.015
1.223
0.138
0.162
1.136
0.078
0.317
-0.346
-0.024
-0.577
0.201
0.04
0.011
-0.081
0.629
-0.08
-0.393
0.049
0.086
0.45
-0.145
-0.357
-0.365
-0.128
-0.284
-0.12
-0.456
-0.386
-0.399
0.023
-0.037
0.555
-0.49
-0.488
0.246
0.435
0.477
-0.119
-0.248
0.289
-0.034
0.054
0.161
-0.155
-0.197
-0.271
-0.421
-0.135
0.828
0.232
0.311
0.037
-0.084
-0.219
-0.181
-0.441
-0.003
0.03
0.249
0.131
-0.205
-0.5
-0.534
-0.203
-0.63
-0.034
-0.454
-0.79
-0.614
0.079
-0.43
0.003
1.511
0.095
-0.135
-0.009
-0.281
0.01
0.112
-0.233
-0.073
-0.428
0.251
-0.028
0.335
0.127
0.341
0.041
-0.016
0.045
0.082
-0.516
-0.04
0.369
0.052
0.384
0.338
0.365
-0.563
-0.056
-0.242
-0.598
-0.075
-0.075
-0.453
-0.171
0.399
-0.246
-0.216
-0.054
-0.044
-0.195
0.175
-0.481
-0.013
0.382
-0.173
0.329
-0.143
-0.06
0.267
-0.202
0.1
-0.297
0.001
-0.217
-0.069
-0.561
0.384
-0.015
0.413
0.002
0.108
0.179
-0.076
0.205
0.023
-0.051
0.05
-0.293
-0.149
-0.065
-0.58
-0.177
0.575
0.715
-0.309
0.16
-0.181
0.025
0.111
0.151
0.197
-0.188
-0.049
0.055
-0.116
-0.4
-0.156
-0.271
-0.18
0.136
0.348
-0.394
-0.088
0.513
0.27
0.197
-0.172
0.202
0.051
-0.285
-0.13
-0.645
0.259
-0.157
0.044
0.247
0.211
-0.122
0.074
0.162
0.013
0.401
-0.121
0.062
-0.152
-0.364
-0.043
0.445
-0.049
0.273
0.053
0.076
0.344
-0.006
-0.062
0.348
-0.347
-0.348
0.568
0.475
0.134
0.181
0.13
-0.049
-0.502
-0.202
-0.105
0.255
-0.3
-0.178
-0.417
-0.996
0.093
-0.123
-0.173
-0.152
0.074
0.076
0.051
0.124
0.153
-0.003
0.068
-0.125
-0.211
-0.147
-0.542
-0.418
-0.249
0.069
-0.491
-0.486
-0.382
-0.148
0.04
0.236
0.051
0.159
-0.508
-0.586
0.567
-0.156
0.092
0.076
-0.474
-0.371
-0.109
-0.281
-0.818
-0.42
0.148
0.019
-0.562
-0.115
-0.228
-0.341
0.494
-0.298
-0.248
-0.178
-0.718
-0.191
0.132
0.047
0.038
-0.062
1.069
0.131
0.005
-0.768
-0.002
0.107
-0.677
0.277
0.195
-0.075
0.178
0.393
0.047
-0.257
-0.551
-0.079
-0.343
-0.19
-0.195
0.009
-0.444
-0.555
-0.081
-0.293
-0.475
-0.585
-0.535
-0.014
-0.157
-0.278
-0.518
-0.528
-0.66
-0.103
0.052
-0.42
-0.582
2.686
-0.004
0.233
0.225
-0.873
-0.356
-0.526
-0.78
-0.104
0.792
-0.276
-0.192
-0.387
-0.494
-0.993
0.002
-0.204
0.038
-0.298
-0.035
-0.46
-0.55
-0.631
-0.45
0.022
-0.672
-0.472
-0.621
-0.413
-0.292
-0.576
-0.287
-0.221
-0.12
-0.495
-0.2
0.15
-0.023
-0.496
-0.936
-0.328
-0.462
-0.591
-0.442
-0.533
-0.841
