UG.Start
62164954
3093290
29631382
154674659
11800533
18511805
150792194
152733856
69886585
1668278
115995624
10021957
54272239
130162372
4721681
14273903
37389419
26646550
20568462
150755277
19508897
2216389
119440348
39465902
86334368
34979784
17692774
89849160
46423682
68856998
26777098
41333663
77280909
27515100
58267045
33852671
185355985
1608672
21643665
170779271
48032933
48761920
49554385
6001024
17615961
24135862
14063508
39099718
128817685
43845930
116511232
56429286
141801013
45725193
5481629
11062274
3724400
54095852
71592414
38013256
118483302
61732746
8087070
114730208
95745855
177319430
74239143
151742995
142437127
219284799
111775483
154051229
36017902
108856974
36406860
54075680
51948383
135305190
111203723
197955224
53075311
64325760
66139626
23680101
137218450
232150383
4001672
57136042
70654625
201843734
34129110
106632004
28259199
111432877
127817925
71862076
6608010
131920528
187400721
15951690
125279228
54699370
231656252
134535052
127454121
29799189
76352312
28830702
111680095
32467498
11658446
42555744
78155299
6778335
156670294
70609998
80517918
42906306
78086429
28700214
4625477
133272885
28262643
28681096
52727799
66464499
41825942
153167660
42835741
19039414
95199345
93866821
120657884
19398924
51532919
97475462
96296555
109128786
38515661
39715862
43323333
168996870
30874408
99344139
11006944
39141113
65513088
43437203
33298055
2375946
71391566
43905660
45405306
20660938
83724874
21143874
15131443
107825828
36359138
152648233
21812066
107825828
40153997
57376531
83724874
18332399
46122009
26483147
48090802
42158703
31953839
191659381
18251569
27258609
6059459
131846254
68410791
5157378
106999867
102493771
95174507
53787310
153570664
10416218
30665082
23133488
2165598
145251476
73596621
69271175
45746797
4560537
47645390
140207540
85994822
35406501
60414777
79750532
150600746
27460843
43502870
40868315
63407977
24206161
18308608
131481710
44028111
143014033
102441772
97010287
36050020
100530067
16237295
28527319
118568503
47502750
75100157
171499786
25332694
91678464
869400
47883274
1710221
133558235
125279228
149025944
23393311
40027816
7067048
7963093
27622952
30146021
110163625
15599093
101723319
16006881
23844240
41587027
115995624
77027990
34889740
122459946
105896819
58666796
57823086
83724874
88049813
3011185
140410645
76888005
49972965
75157723
31555752
135621331
27547495
117276859
52467747
63304169
231747113
138369449
50096513
133044421
32775320
158040706
36290658
34883914
75092570
36931653
3751809
70867600
30544245
126886184
9793347
62429460
42405958
75770159
16169730
129740032
42685651
87550394
99048120
1838529
17537648
17473260
88715981
125042377
142069722
6584101
50836644
62299201
133666772
126301390
132360586
34287860
23452860
159803329
79220556
62151816
133970018
53239874
238567956
37695231
178221243
92139450
7744970
89036479
104480041
43331725
129512981
31786940
39067006
128531414
32331736
33284268
22305800
33852671
83724874
43060611
141212855
48805637
77469438
81176055
124071439
101461590
55426870
31240092
18928486
35147743
6187365
65130481
63794323
215418782
64448755
31229552
818963
3049456
7732893
9814341
298283
143951019
109335414
132796290
135473228
88862276
34643931
19221658
47699027
74083696
184186406
33021237
39090875
58958483
22935910
44910480
1354997
15587031
31364209
182226908
45434314
68999954
141398118
31334804
8894477
17723247
118152144
144615654
66158837
70535953
55455996
52921213
20568462
8774718
9698264
44543798
150143816
1680094
50342220
120923674
37967512
49496072
65869418
29911816
26706666
118678083
1929031
35663852
157939841
89485650
137167264
7402339
191714592
40306212
86334368
155666386
65411646
48317990
37389419
48844571
61729387
171492136
55365088
100897317
10158318
20454388
15564096
75963902
47079089
27678035
33170268
49696391
56337378
131289257
63510496
135193115
95832111
73394603
45790693
28418183
5074305
28025132
103534198
76215113
18429095
130918697
144605234
152119816
15528532
103056256
43952189
24931514
13704092
114961626
13045616
11524860
47038965
59237504
50412959
88550267
51722448
109774740
23517469
116394497
4594872
93501741
113286564
30853216
147287684
37713076
27308945
101755638
26029780
97264227
95008339
115193713
46681525
57103944
49040146
103269841
23362344
9088143
919727
61313177
45762072
102727568
31401613
92298051
74369241
135600471
40739076
29805535
152580961
42282516
134217853
115995624
13096571
94875937
64288653
30940718
33071149
48812780
155666386
105716982
118532789
120657884
52181662
99536040
131920528
56736485
5481629
125589170
116511232
30237385
47883274
79324011
35714907
111191653
41853386
67485067
64781723
184186406
38064848
54067489
30348165
64611672
32630785
87810909
125279228
133520467
53283083
20056527
17726129
54860933
46833885
20433342
11864875
35846377
113584922
3564670
46817183
143542378
43171517
88458807
56146021
88238345
64670578
206813079
153275759
73388984
159157184
145251476
73596621
67328695
48994669
11851786
46217831
51871373
3086420
45271787
37718868
73864453
208289417
101260853
120784542
44039592
137411576
52670212
76693460
65023091
112873824
10134279
36229938
6767725
18127431
207888351
127639142
36219399
86334368
104401221
128178980
101532492
87859387
30555574
51242372
77273390
111462814
111111646
107384854
69907763
41817499
42251317
66574167
121675800
89030635
50098738
117643440
156628929
45796940
176812594
2106925
184489916
89983362
99862689
118738291
61456064
132395292
206372729
19510056
73034870
101660302
74930384
74119933
88989313
30432760
6435154
87639389
68378396
150146961
129507473
100399224
45903022
112032493
40474877
107184145
14145174
59827901
113228152
71964832
31364209
44081703
175938367
42906306
32873232
53366860
819306
108856974
29569522
89983362
123289131
62985463
19146631
36590465
6460532
120153004
20923197
38420147
6258598
41030796
94097594
49171456
39232411
26743078
32873232
34883914
40167768
141328805
141801013
76515768
71633350
199641610
96362033
121984233
149605376
93044966
81428151
65970217
52220340
189664604
66790675
10428799
158418465
85677945
26540406
67558217
110742501
88700940
44649933
22501245
80615091
15463429
2172721
45788867
41407265
15612706
40553667
51585554
7812957
39812289
33648306
23597701
103285906
91014927
63756755
150449597
29275177
4731025
116180861
9698264
66574167
1974222
23686912
150230611
208847273
14486580
48739303
47541913
173706165
37718782
37766707
28306037
64921986
77045146
16237295
209161796
9793347
20398059
76972353
7495154
209177544
7063873
36642445
71514521
100158391
91386116
32011810
7036316
74951062
155883339
7096274
89810727
97618134
71578905
59077278
6549508
127691913
16085831
139810145
2521454
47427868
60448521
50201223
169388455
36202671
10257476
116154485
51815564
146908283
139735085
46067226
74481229
84321974
231817925
107541350
190831917
64020137
92652339
35081974
59473413
131790087
92573960
147293610
67251165
78155299
97010287
52321013
20143985
86723066
46189043
33562102
30132524
78040361
112912283
658180
42894749
152567364
39758917
58915915
30326977
152470812
76019247
99827205
29930883
63538185
15662855
90023600
54347344
31752379
46951942
151092133
171254317
62433981
45137309
87342349
121675800
179854038
22666417
36017902
34692352
23353107
176783038
47553820
170283996
172023605
87232501
151569860
150941912
30566995
34970523
104583250
46594216
80155123
44126123
96362033
65184063
42963602
91564443
211246843
126233173
100425333
80777225
73278285
118378293
45746797
74712496
43972732
60954190
19902294
63132166
56702110
127727154
57052681
34783805
145563305
2357605
124579310
76046215
24971363
91250881
30407420
62360009
44378172
152897570
51194627
36227894
37179693
53442079
126480381
134699942
72065460
27894050
1549046
9620329
27143816
94875937
60395769
45478648
35312902
46363350
128064430
15073821
87432627
66525909
96884476
176855624
120601029
151978451
86221052
26955948
10362808
65745603
34120681
65499532
56954947
53283083
48173671
188921876
440175
44070967
61421348
61967033
128817685
49899438
109335414
114061524
24458408
72395336
107599052
122946756
46416662
85655715
133110232
131481710
62775207
1354049
67947031
140811769
39966114
203246683
54677320
113688324
106755926
111203723
45649109
22107734
45444810
92475959
230915950
11009455
137147810
27143816
36065864
15644177
7233781
152322426
17138562
11974634
38082614
75575022
63942881
41486698
133002661
39650503
44023793
21128641
96064260
75227956
75019926
6418600
28527319
19410575
41502351
67512159
130740006
56954947
6455477
6723721
150863846
31885374
91282073
159782368
90696433
110163625
52727799
21290403
137411576
36470671
111968871
16095470
32818054
18300718
7672008
21847252
170587186
129917750
95251834
7161697
2138651
127266214
60181741
39490135
171569254
93169108
241454551
103531278
139534973
78790084
54239172
44463456
139207443
35390607
133319099
142502238
89239363
1988469
70069050
30664650
47778027
88257729
17338475
15195978
128765693
42785711
64986316
66888214
41519001
59960595
17306067
104211159
5330970
242296617
35649078
35848569
88841881
76477396
14578794
113915885
38278798
203144998
128170137
27379773
84334991
23520221
61276696
76828053
49155161
51890619
87913582
40320388
40207476
55524760
99821015
175532849
70773903
73652855
98792184
210692853
12319113
9842599
46852852
150476546
158660008
37944341
54073303
187884097
133002661
54807831
35544553
122832936
21021413
78235401
59710077
216050682
71605485
36567595
45863777
222914635
67636967
186798053
120819228
30431132
54830489
39583131
100044837
13080606
43912671
90538433
155666386
191719811
151150216
24758183
56672453
16672620
184186406
2153144
42594057
152072702
10322208
101345924
125974468
8774718
107125114
24424662
50568688
31916616
7069384
149049769
62295450
67522487
132499229
131237711
109791273
185335527
26304962
93195706
104102466
121180906
77367616
3927053
75217704
40945355
46371922
66822443
60940453
62632704
81428151
45759056
132415560
61696212
31651340
31861811
72752518
29350517
30104753
440175
10745191
29115435
102301764
109437574
108856974
93501741
85443954
176841619
33320112
2141734
185923999
6455477
183524242
199579741
12763307
38206396
179540197
127731095
80976095
148077681
66594470
22501245
99827205
74597252
1582998
93026779
3428757
411337
127682706
220496343
32158226
94875937
124100142
153338240
121931129
134715170
219354119
19443374
111594736
140207540
11648697
218853073
151605219
47176760
123921071
31414351
1186642
111680023
131229243
46678943
95074642
33297613
123863169
22065272
73514341
52295568
58017728
125325560
1569040
27388202
13655557
122710728
22518495
145773508
201968248
113007357
62376036
64468608
99195936
78792085
82384420
132214513
40663527
44838452
58766250
31934930
21726146
137308678
129482889
73363359
25302091
51577241
36933464
142560357
71613472
39482420
71551111
87309255
27755055
65407331
68091098
64551485
36518521
122719582
107204990
30925927
34850635
80777225
50101371
113000939
173561859
146775834
50602431
103902928
55893615
50196504
89613174
11323423
43905660
222431037
46655205
78155299
70178311
64601502
185923999
32385985
2153144
6549508
102880251
90740267
46674199
74001870
8438091
68818206
127691913
133316673
67328695
40044469
66070320
97768627
120957192
97807577
4555900
217383394
88800222
160450870
49918958
43299068
136598907
64340378
121797899
111757707
7161697
139267312
54648324
66990594
87578303
52415923
108585154
74553052
35059591
76693460
29971972
62467072
104228976
10362808
63756755
110165498
27907798
66915998
46294582
22650145
185768226
63538185
149413051
40030194
73064330
116511232
18332399
11024947
64597125
150188549
46904376
45407030
102228919
78486748
43290108
47602390
123096129
123227845
88732504
135358674
39545098
72833782
38449843
41254833
172161186
57067063
22189103
139574404
102495321
43526069
148705421
8304374
66145732
133354662
39412379
628768
114855281
49934572
60258964
96152081
40514758
64648772
150211355
149605376
94342970
47509805
112622542
43290108
114745054
10027308
160781691
128762727
7039505
17057758
61323674
95792311
3137043
102236392
67131619
3119172
147836532
94724606
154314951
191571102
62231761
34035007
33530346
168482492
129821510
189276561
46780011
43997903
101034677
858395
47986320
150137570
137232597
15209300
158451225
134030763
65865507
75343174
208224508
235183684
50408630
46572011
101764931
42646694
18411383
29052546
200041412
21714830
1339899
10134279
14704204
88506375
65751391
14405168
158866439
68873563
51104120
26873770
175249808
120819228
24472323
179595387
28324118
124329883
121271094
23592172
56862097
172415975
75227956
30762871
43152006
137167264
37245349
101292142
29656964
134318600
161383232
30609109
73981276
91505613
64857919
71091029
113532915
118472422
153269873
45527099
66876790
65444412
166356688
129476436
117813264
9934170
20068708
118562308
35904242
8855328
37718868
104144343
40153997
95961627
152800613
202469334
50359922
56421033
69186570
107518518
131437400
9398742
41570071
107384854
63756755
185355985
16191682
159296546
132415560
219510388
3049456
107541350
26913212
44841402
196729604
138389449
95285248
55569571
1560292
214907971
2038599
104308541
48045794
9536794
41486698
231856806
137069000
147360106
189339955
144733040
139588743
26963196
124720199
50286653
185563914
105611258
47172318
85346132
22523671
120819958
118738291
65092528
169138341
80838801
89206069
60145357
50111335
56004747
77299451
31195555
37693090
59436217
186676439
149764480
36754464
73248238
101313178
42776431
130907998
43977753
40732781
71391566
99223039
58766250
26901947
8435363
100143923
59703539
88989313
93154279
130433121
70200412
101200072
17968373
68427931
137358976
79463637
17492469
64096352
27186199
128504859
152550557
165362210
73251577
44568108
1267692
160001069
42616636
93562476
34845598
74172151
147942122
33700290
72811676
8435363
89613174
2477430
7039505
195887918
126140401
54123770
7418300
89890372
58766250
101899052
73488798
120638507
41884024
2882882
194827609
132235912
49466138
93900403
12656097
101899841
46833885
152729747
309681
61967033
91051782
298283
33331874
602590
110179378
45464006
127780007
55177210
42652315
64597125
127239018
57008582
68223667
32818054
55272450
33320112
128306012
120784542
56958919
54489597
44852743
74360203
43435756
150569506
47393983
41714311
64327563
74034638
41613538
27365811
46436213
228504065
37395511
66370025
76312676
37070181
27899848
18414472
77872188
39509646
7732893
6849960
33394366
86788831
16716559
92404018
64921986
35988966
129282501
33298055
73373105
144237997
32314758
110978431
38389400
65783568
79957803
86313990
88380927
77469438
72677895
30676160
2880225
40420002
41778096
35081974
27996171
141953305
27907798
75019926
135496494
44018877
9583236
56676368
36325846
34210971
77045146
91331175
139486735
1371084
216629396
26702764
97807909
32888517
219909606
112879926
26188141
19139402
87342349
40087978
63504667
37122
34020440
48506979
133921425
38598573
1582998
138765088
101853466
69991608
3003907
21894043
29373926
48420266
94400556
122709992
99663691
6190898
73312770
150347299
39657045
50086327
2492403
3538702
144970534
83228916
79930123
199879720
54952864
50104471
62175244
188272463
43390302
10134279
72525370
147767626
112118466
77110016
238337575
23633361
14003261
11456758
3429640
5822950
60926695
16787532
93647755
65013178
35063834
71993846
144838229
150460862
38774660
17535862
140207540
107912421
22845875
120697527
18557451
220274525
6901534
187246811
133560139
56672453
121400871
20056527
43502323
13776655
17977767
60595979
125785782
152759089
77004849
33269342
219979849
20155374
40811819
104074529
149760110
19305951
19288065
120923674
201123417
17203693
127991325
17371008
43975015
6093511
120497881
73820429
2427859
158348286
11678353
6536862
29670178
48310876
57376531
7402339
11272375
65751391
113688324
70306338
88682167
9646068
54784691
176819983
42552567
57396157
106099874
37245963
133478941
91860003
45430081
112873824
55051204
50308836
3648039
49281280
160360541
42888687
110655916
42034469
72309045
99389331
37245349
53848691
65272547
1371084
152322426
54377882
133403975
3564722
14071850
199170467
100840144
18547252
26212145
18706052
60244865
43060304
44521371
70517879
47835945
112717266
127467141
101602726
111148630
2740223
132792649
42178289
49027107
104847868
21833215
126168681
131001471
32148619
88184993
69198777
171403228
120247971
53505925
184215712
95199345
122616189
35403660
128297985
70420293
45342427
120575809
62632704
54124965
118634297
36525673
41303499
111319255
70699766
131415440
14670505
113933471
63919388
118762346
90131435
28725666
61037769
72789493
134793056
219328372
70407981
149344781
28760374
152808110
129253909
789178
22289446
48090802
50333111
122433409
69871322
33394366
32766258
61630209
113288085
51134630
24458408
9536794
40803203
92337153
52316109
119008461
140454402
124329883
49496072
20446562
159782368
32314758
87342349
54760153
85977931
42126239
79366746
17692774
219939937
102412234
22650145
204313807
53310514
18385493
35425213
34917724
88616591
73158149
1249349
60626542
22974269
97438474
99237579
72745140
12002027
37743809
19581893
26273058
70370215
99941091
40849554
65671245
49004598
102211387
77394325
15613470
65499532
78481123
70145267
55124271
39006604
183524242
124308694
21812066
90613029
50618955
55777745
12403911
43030607
73373105
54515483
34970523
152796808
21538081
16903858
61875201
64565017
44073674
1776777
93918537
168884395
125001546
11024947
85496188
121952058
128544355
97255322
5315300
58103224
39975820
101461590
54750779
67131420
110728189
92553207
199088001
130469889
142639324
31120514
83995394
49256383
26711670
176382302
68910942
13725717
80631344
113215257
92447110
37627268
94925074
11729238
176871184
102434828
108892425
153032087
125757208
17074633
153467233
6243121
43972732
18670528
172047138
133665314
40438989
73719008
137914352
130914057
43480110
16308771
43984158
47443560
48051528
150000445
52957456
96333467
95614621
3594967
34078870
37708261
32348643
64651326
1410464
126168681
176665106
197324680
59098446
87169457
18603493
19618057
41672381
34585359
67128253
172161186
40403688
166164122
147581759
152281304
131942224
128394426
182912423
33837219
56425072
112912331
55728194
8855328
43912671
48805637
31989030
118125622
54211216
25573281
23630908
18487746
32630785
50624342
225181801
51138437
47699027
117643440
7402339
77816808
32766258
25911200
46909290
57285844
107382057
52410063
134802147
13932034
35697692
10538137
119003621
21290403
62006912
140980626
135027376
49482439
6767725
3036682
142168508
64079673
42792266
65905975
1307892
23718424
93840337
98947310
96688417
26645718
60823502
36706441
2893396
104290583
11549356
63098904
121188874
18803746
32826981
1752381
5867149
239546
13704092
128182393
40599083
12683434
59940217
193716826
44926583
19386544
89613174
26912861
12185847
9698264
26941365
30561901
31390992
116096513
88692278
102437614
91564443
85533567
11737444
194827609
123096129
137503357
241809062
8671474
60246974
43485554
66376316
56606517
15209300
68278932
41024818
213988734
133801678
70952729
129895767
1662225
71524637
55244052
39445918
65496920
3129832
35934934
21353763
22600654
197955224
27927614
121829709
7090114
43977753
69283924
103065315
27660621
59710077
30938620
91878885
117176768
108724479
6655279
1241495
6323837
5264243
17692774
19737085
12062916
245353958
10702821
99933983
99916998
52911691
47544025
37937709
98665148
95419425
54484833
137016982
137016982
75659835
387216
152169346
70420299
5642844
201743996
51404809
149407636
33151745
3545071
124196101
115272722
158214702
9287249
45754808
35314374
69922297
99963073
26894517
75067996
112964661
195339881
73546514
71184562
65244189
38092291
50285780
21834348
88284459
7069384
602590
21979619
17212184
78187869
52940633
49496072
102883884
61729387
59868591
106739043
196729604
70300065
65228505
61696212
2192295
122433409
45093930
122648690
95246675
64020137
55177210
22078863
91039370
131224514
39442828
53226458
37859292
52262738
60355191
99743107
42552567
63538185
46376584
99536040
161521467
7435271
150192024
39124615
32525326
26180662
568224
117812623
127627504
70926718
58569655
71376580
110931269
78327320
36567595
47864848
148077681
42646694
149413051
150146961
112873824
39966114
114862366
8774718
38153468
33326033
3716567
20568462
55365088
12600106
77165913
18168610
38015219
14486580
50618955
263750
230857619
37943863
138230150
75738650
42652315
36567595
102662416
106279128
73002123
74805209
81904859
188921876
60872852
137209759
104496815
11183663
54669302
82021555
99150583
99862000
77457089
90946793
120957192
15919664
63815769
160954168
36992056
92052179
30647203
6831574
67556192
131381377
140582687
74460020
148185135
59703539
75074608
74045756
97730948
42613332
112259097
22165048
65162692
36315669
241888133
131926884
52715161
128664450
93418584
102043969
40667037
22303855
125023030
71378455
92686273
148917132
26389509
29636873
104350771
65856128
50300177
98856464
84369735
58716101
84562311
136572215
12765011
55020545
104710319
133253033
6767725
22190895
45407030
198683445
238014660
109988674
19659608
26446274
110742501
22289446
117726252
134982026
37822323
102037892
56442383
134109135
25984928
113286564
129031680
12057699
22650145
33978049
27099463
7402339
22650145
39671899
24013428
3805617
39436401
225713613
34942298
55785576
70113039
185768226
70300065
121338271
71304521
2011944
102826626
134715170
133319776
53810400
47056683
2506762
75472846
134145238
109245961
96786524
34143675
46411721
64786007
24931514
24211955
52803850
101944009
231798459
148374389
49162561
52543023
818963
112502980
40768094
173766076
53404688
106915375
222431037
2185993
141801013
22823162
74815283
53170262
31768059
46786155
137167264
1314857
31815755
38240529
711751
66915998
44649933
47096244
42473792
79262254
10261656
69165053
3724400
12771675
54639593
34101654
58382571
152380851
42670772
45007829
37594631
120697527
45547794
1192234
24445496
140545112
84171880
26654918
53421403
21130630
140749907
88841881
112583788
16968112
135927371
144462900
176970859
42828148
41180826
79930123
59132446
79740914
66142218
51541269
241329980
100117385
145149623
124361959
28945367
84399226
61696212
23393597
54946992
32206724
17007311
39021071
37426468
98992121
45907449
89162989
111144790
28487911
65889475
19105758
94755210
67015814
11060944
66029417
52345221
10878539
120789365
92239941
58298032
111984349
69152139
130740006
2996798
129238884
6409561
30989960
46462775
2153144
42161369
43028533
19190287
24472323
30279063
23107918
127709671
89212888
57945281
104228976
206349656
56672453
130740006
101693403
92573960
133656569
69966824
44841402
87851934
18251569
54860933
37943863
39671899
22375632
131880475
175249808
31787616
53486206
38389400
16518976
214907971
13516005
110617546
62987879
162797154
46655205
22354540
44180323
47703297
95663173
8154314
8622549
169810366
45041262
175868380
99663691
128924439
44568108
105139501
11916497
47921936
140581550
2153144
32042847
123221490
43990150
2011944
64523259
1774712
34585359
45619338
2427859
103233707
9646068
53981112
68896681
65805388
67512159
38832552
66574167
183524242
208847273
152470812
2216389
39966114
224584285
89155697
112089252
711751
138389449
112089252
57764100
133520467
146279028
53170262
77469438
41087144
109909340
65620550
108794454
213649
46833885
79957803
129282501
26281019
49899438
61696212
69953569
129784912
102662416
173426113
75043506
149823889
161189353
59902533
62893836
31786940
51578021
133644064
92447110
11322715
141913524
40768094
57079623
38569695
198847797
156499126
149727328
201315969
38960737
53016975
198176813
176446492
96082978
122757401
21750393
68427931
120247971
148631292
95814738
96899359
67360010
124693090
65990964
126721219
103857306
74678606
77213489
36206458
53470097
121514152
90451667
30594202
151770641
59931883
41038972
108722025
88049418
31439745
4362707
10224083
29383643
44001693
57181205
186786791
20719413
53898167
58144443
58406062
27498879
186883307
120930127
6211554
27795614
57055709
58267045
31651340
55121490
120110379
38882393
33023570
109922765
63393488
48356745
39763348
230857619
1752381
50193624
109620463
24329265
134251969
151553686
65311104
150953092
132021763
26135021
2539431
61986287
227145019
64635949
10625987
143490080
64020137
86788831
10506133
185572474
10317708
55624163
18840353
15061379
145707478
28407691
96332077
109620463
57840160
51585554
52025861
19963762
6368470
91151040
3267357
136919879
19715031
153234158
36103550
218918975
81110303
62467072
153298207
50894541
37878128
54377851
102096870
119640354
65325994
98120843
7125777
152808110
97962814
84064976
64672049
57200524
56757642
104152365
31656840
18305740
62500644
151537866
15123374
78187869
127518565
132235912
22124466
37245349
93171610
64857919
40553667
201786929
57376531
14147370
31613846
108784412
115906409
16032643
39637926
23701190
30796112
149898401
18390459
61231991
32270597
16672620
129534967
53255437
17726129
27553047
49775098
40457923
72828298
128097661
58766250
67879242
19146631
51927596
91660840
241142414
63504667
5134388
132595824
64007577
75682728
144174188
20098983
2948635
65798543
137439253
15950934
2611802
35722316
106700073
2325403
60461138
138373265
124579310
18165514
18706052
120794166
6884214
159276317
11572543
108378158
91660840
28653478
130829847
60595979
101315011
102582039
67871889
76516792
98573845
53876194
74930384
54354916
169607665
29711511
136843439
41414597
129677302
7588657
67576901
9553663
30871436
58382571
5766385
54123451
45013741
132496810
148264282
66139626
97380847
65814408
243787519
128350738
94998337
39695584
224639382
106004691
33223548
42817205
28025132
37701510
115995624
80292313
25367495
56896497
97264227
191714592
70622928
42646694
111473203
125076685
129253909
542805
45133688
55808548
42681494
86121039
85346132
115733394
42046297
42688574
38832552
57285844
35041916
112502980
33562102
100410586
74866568
62987879
118269310
75267692
44023793
54936129
11255774
143851500
77560745
818963
170802047
137222950
107028023
26906171
40696277
12057699
44934989
11349438
79957803
67329610
35117182
75340921
30672388
23826749
20635956
89983362
117314990
15059902
148592506
112883728
140007609
137560314
179724209
63590471
37909549
27109448
10213463
4072604
38088157
73502924
52394072
44411383
70541426
523797
26645718
54150851
106859802
74553052
185355985
32191022
64921262
76862063
171583943
128253598
52031482
9565290
134940288
7883490
107384854
31616247
38815028
49430884
77104936
30676160
149413051
30794735
27838217
37010270
67947031
114363766
36441810
132395292
219969696
139692611
46340481
57308892
154173145
91368640
113288085
61529443
38798875
71378455
90301776
79958513
103334744
101058330
122129584
99242086
90804586
90909797
9475104
43665246
55379854
16968112
118731134
209097061
10196179
137362046
79295787
206372729
33719082
60366119
130756715
32941170
96333467
45889273
67563065
74971309
71376580
699878
2368402
56318176
35687337
1100106
11020845
128157849
16283363
24732724
63059148
138317901
77003714
15951690
31073445
115338585
34679745
162603487
46226095
147715665
9858199
76455665
11267528
16539236
105282662
72198927
83504432
204588613
129735796
99708792
76414543
114745054
70438940
37528040
20569445
148374389
104837904
1710221
135229747
33041975
117725647
23832721
43387341
17099559
43290108
109437574
154159360
43060611
134934273
131428759
74083696
30008209
81687486
140749907
113303558
45488729
33144117
49954992
16787532
52665220
54491752
27996171
41776910
104958627
17887639
153524974
46294582
15662855
82085404
10732341
24269298
74031789
47185191
169433506
37604720
6454362
2106925
81044659
148559032
68153682
127627504
185499723
198150587
61507985
44113437
29297172
16095470
73064330
96120999
131224514
3909453
44333955
16622433
5867149
28160013
113108336
52103907
108111421
52782271
148668506
132415560
36359138
46971833
112118466
138230150
31815755
62006912
39006604
23838907
153554742
57008582
46869433
79986294
127991325
46528067
152019847
72867937
37660571
67558217
44934989
11255774
65102147
87600070
96324112
84023774
72765360
40392871
112146047
66190082
36593425
96723899
98573845
68702287
117739634
167651669
44788015
63498610
21581174
120957192
69165053
111319255
48765278
76693460
50189113
65154089
245350000
37827269
42697087
7028193
186844250
133995648
116509406
116180861
42754252
68928620
32242749
8011308
73764270
47245066
157942386
153044997
935352
17378789
41085283
69946923
20111752
28157822
64949092
131710195
200496490
42483639
134934273
114453193
43686909
115159110
91329233
70319085
66550668
37259741
75125426
75756555
23867394
43412521
6408285
77742211
135005345
125589170
72677895
12761575
77560745
16237295
103285906
173951249
42129756
3394396
156831226
37923470
14302564
105887611
47616258
224584285
111879114
47286962
711751
53170262
110728189
151978451
22190895
92466065
43502870
44688744
2234103
164241914
64597125
48416710
43290108
95208565
45863777
43267711
54515483
161438058
64958063
82405472
63753200
130740006
75494194
35798320
100101008
10531105
231227861
41683339
36201988
62322300
27152049
55375407
31562579
87479082
72241791
57164759
54776441
34541431
149787297
28033475
98114355
208452827
199751967
54646825
100430469
29993336
56140200
125589170
15630888
111977390
42459782
28002290
47251173
6445329
39966114
44039592
65499532
60953286
31815755
33978049
48240782
42459782
135509534
10625987
175762484
13182178
65620550
2419440
68566470
57290380
66367803
31110108
6346857
86334368
64466678
30032933
6838581
54860933
180331116
98219348
201806395
35091567
127117313
125632211
20775650
29894460
23306845
30938405
74190982
4721681
20993619
18308608
24912491
54377851
15242025
45168909
108709354
145209227
95246398
45008421
37502543
6779649
60533967
65590960
52237665
30753752
46518409
65390494
144320870
46462775
161521467
143468955
59992553
58470832
74708400
159403360
72066117
133927516
105023698
17374757
57075704
29777179
26922121
29299950
31134415
96332077
76462795
43842310
11100857
118079314
95056175
162444060
110317717
137602333
44343539
109013809
19433971
8796324
72198927
127776931
22254861
105781035
120088058
111668989
120784599
41114456
33681131
63709319
62330947
80985662
32612007
42561314
114822219
285004
114575475
27403293
61794205
40860711
128171944
187280305
54364622
20296764
154008253
38120283
51042408
33367417
43437203
56167343
57290380
151894586
104228976
49371923
93853923
31647429
30762678
87151466
87294811
40030194
101693403
89230025
6330660
86599837
153097811
59815181
142604218
89030635
108704100
152511169
73158149
80016504
8665167
17833100
197264464
46809496
39279990
27510367
98785744
57032499
95175438
101146858
127656849
26900003
57192049
166068885
22501245
104004388
149822330
3993298
55021647
89061638
132067397
68909911
79324011
43702023
117362902
74971309
56616782
41249903
74075967
9712117
155059346
140207540
155670915
59263175
56832039
40296153
29708604
26646550
20056527
42561314
89155697
67236247
24095165
187884097
23633361
92718303
186025122
122782861
42598117
68736326
69426109
37624459
132595824
56704996
55272450
222354097
7067048
65164167
41135542
10553868
1930548
98992121
43770120
55919130
96947352
62507484
94040939
2367461
26922273
75424791
1569040
54321737
44500753
136586355
11076644
9896247
59160766
2827111
99064167
23749504
23625326
245410204
112540183
91605979
98705376
142782931
6399255
10432561
78071223
74599850
46976761
38176955
62380158
29294961
126075865
123627640
33458319
76516957
171168068
69318128
19474540
15282422
130627691
18069602
171356102
73636935
26292914
87765663
56301134
53589943
70823107
35579234
78303226
17708564
133245969
62137198
56063373
25444837
37372284
23804583
45547794
44082459
47286962
29727466
30243967
30348165
154173145
11536013
152800613
73981276
172196838
62006912
14273903
47597498
61696212
35472685
19963762
12985242
46218611
137648857
138145509
52504298
115655073
102096870
107168350
11097265
101657074
114862366
10742954
102296205
138555539
110266392
139606043
108830328
2740223
27425836
65358025
52264015
88506375
120915396
32380287
46971833
42126239
161438058
61218527
63753200
96064260
65325994
101345924
74083696
25249446
111816488
37766707
41486698
93900403
124868305
101693403
67329610
201806395
109283269
17203693
42686206
102318933
14634296
50546692
151747846
112502980
140207540
88732504
101292142
154008253
30243967
39763348
31110108
111288175
3157526
170802047
41771286
99811818
201104176
71229110
90955673
37019555
120697529
46425436
128953166
26479926
83724874
135763362
39813739
124361959
47162576
21313333
32929902
37972615
201543309
34699001
26994373
4702068
58205396
176807006
23875070
37128939
136891173
24568065
26328633
150753451
13720651
1799104
38040526
105226936
229714194
22823162
67608743
105467403
73526285
85944496
48611439
23440837
72642354
130850222
32764779
6096118
36930225
91405507
16913473
80749947
101097440
99869877
118794096
19523559
51486600
33619083
6681067
144192053
995619
63148131
48212175
71681116
12228511
102646582
157028072
101202623
70443874
89502854
21240928
63060892
2427859
44559837
31415755
78803375
154527190
50312324
65743269
153853600
136705564
54163193
1270768
96672574
9034404
55124271
26983449
137918922
125517033
4708668
72027109
135005345
111519185
151271503
32368611
31623375
112089252
214907971
31616247
16013669
63761231
12656097
143153041
4388949
2216389
63756755
117643440
65177648
9034404
166391469
58752663
44070967
102165855
135544145
45271787
38256741
74992160
144303129
147833580
14987615
59498133
3579403
62235271
159987890
170781102
32920963
118496179
129066945
4741839
45699830
120794166
57298535
40338524
137829079
34249291
52618144
43572188
144970534
20011382
70825751
102301764
79750532
361311
152808110
60858187
47307226
167405173
22124466
35904242
48805637
120779217
37389419
130979167
54843378
150373707
36461898
23925694
185132857
26483147
119110970
120726658
118684202
64958063
107657790
40452366
69726916
153550346
29650686
74142452
114079928
90839172
141801013
50849046
177962878
96597701
135193115
132080854
91872981
45821978
38318583
1178810
70069050
115811480
35963546
1306281
55919130
1306281
65057215
184143260
49989342
198887183
231798459
48781934
18279094
67879242
126233173
15209300
45566103
23719264
113000939
101317164
128674955
61328057
52064974
77761021
94717514
127129994
88003866
17568770
61458164
36675192
97475462
50913296
124346043
224601127
135927371
66190082
19815418
20843501
38482775
44521371
187990382
60604755
16151490
39981071
336738
145807105
129253909
1402287
62467072
40795237
111775483
26306504
43912671
75738650
58941558
29930883
44028111
22124466
35714907
23785163
38241068
137503357
16179432
38073296
18589703
59098446
176863429
152710388
75425587
4253198
36600736
7418585
43874698
4180540
107594456
88857613
52257967
44109735
71852578
73797103
36518521
57192049
70418559
35573235
95453363
14704204
31178811
65321085
41853386
18308608
96332077
91014927
32426804
44160463
190474773
17271929
26306504
173117876
160070558
54838441
91564443
152729747
2192295
62044466
43301346
230457434
31274009
113303558
139856928
140207540
47883274
30796112
27907798
77560745
101292142
193716826
68566470
136919879
10261656
59705918
136369342
11407456
139887462
46521588
14161647
112118466
10305451
101764931
2192295
98999254
61311805
54413827
102136131
160546850
105895698
70438940
34152417
219140478
21945324
45649109
132395292
22564904
88486674
129171883
231227861
9765704
184801371
13776655
33010383
125786241
119383524
13713694
35551831
103937489
3773917
122043692
164808569
77748097
55747501
123289131
130740006
94829831
63227609
23826749
16546717
7057464
127633868
68728000
45981330
131677735
61268867
75857194
124362922
31546380
21988109
20246572
32412332
94201983
224224860
154283476
59764744
133910488
157202874
43431838
72452174
82545892
86338237
28980714
100487050
45863777
34979784
126520146
38996882
2656139
143306774
10529184
74726220
119540957
132027287
85443954
120923674
16787532
239706635
172504145
115760944
33484558
140717199
3728966
65681171
127709671
111288175
75100157
196729604
27515100
133656569
12161327
135392578
64949092
16237295
114363766
140207540
55292176
110978431
96332077
172196838
7474194
166423439
101903465
102238685
86777598
52160546
43472567
230857619
39636659
151959276
50663113
47247774
53261590
61233104
70420299
42887996
10132364
32755808
28270179
69356829
74369890
99106448
130349902
151760245
72798942
151022196
92304555
24522966
30360243
77460307
69455175
142595232
40868315
44307510
44500753
129355140
5228797
101093521
42459782
89162989
19080993
44313405
845483
124086971
20804678
133788825
9674703
64538423
11020845
135496494
124147670
40213431
126940433
32796297
9816654
64388161
186883307
17766708
63504667
3219966
108856974
75092570
82268626
37349082
35229328
52582256
60858725
26837342
16539236
74219293
201501818
180985993
64288653
43082273
141913524
38569695
62690433
37070181
24714899
46531916
129580182
71276711
34023035
101755638
48688340
159483558
198964930
221892991
17797960
102024911
74323344
112721204
52673877
23578227
44639629
38698865
64376781
5074305
40263811
41461597
6849960
53192666
65384827
109929360
129274810
36374615
127693830
100579380
42564466
37026447
54807831
29634693
43498164
36667205
97831316
83106640
1760638
40933075
100473066
1194589
34585359
119007608
88506375
71580645
78314640
73177321
45634948
223551236
77054921
88800222
112042787
78314640
32166314
25246269
846881
113191374
15354505
121304759
241888133
147050948
4396003
77742211
82776123
25176730
46456095
241095104
153091834
30675000
233175848
31334804
35634174
49147236
25879838
3675706
38232812
119097275
143423730
43665639
5055481
95251834
102883961
44910797
10535989
34789050
61039360
103103814
77291048
33777900
26491332
161438058
43431838
129670260
42807064
27735692
91658081
52335202
66314505
93617417
78821692
22280562
55027326
42393149
155792780
87403644
66433713
29249968
53921896
107456109
141913524
122659982
17542324
139146788
56032919
2742654
38120283
10213463
46584149
151010630
140568722
63761469
135648610
47511614
77437072
122779465
89810727
18048058
108514484
64023309
52653195
177510498
101500736
99764310
95820836
120601029
54347344
63060892
61801308
36285718
109220073
107125561
59859001
107884885
133882153
880260
114363766
93853923
27274666
99412385
70843818
121871556
51496827
103995278
70964316
97926191
48848221
50717765
82987383
172204493
65822019
43784930
10484621
54105157
105949437
696420
66643313
50804500
58645693
67588741
65809516
114948597
2444848
6050537
98933835
15598674
20479121
147269924
118463906
99862689
133237308
77279673
91057376
1762540
5928307
95341582
96077142
195020726
36528752
54777958
54225486
33750766
78141612
69352246
9903983
84626124
8023933
46436213
55343402
172343431
76862063
61529443
71677090
113894823
98269714
132850485
58668718
47776234
45130333
105762868
3157526
35059591
16546717
46462775
70266712
94018294
14892010
39619868
109013809
32348216
128225878
58832432
13894950
39380722
114285248
55020545
12573570
130014410
22782763
72225438
20776896
68341294
147079338
10469277
23862951
104622849
85889237
628768
26151029
95814738
85906475
97768627
74385823
23476542
131111358
109599310
67576901
87693626
63770967
35521246
109677184
136705638
123333840
110859629
49116859
133425387
48639986
49161643
71588992
76249641
32348643
16615930
57121733
47595443
22305800
7418585
61841654
203389872
2928578
91660840
16332355
65334247
42633359
147794025
107848048
58232805
130133019
36691051
151768889
37972615
66145732
140207540
65526580
151190741
61635893
14673905
156874210
149464523
66940242
160622766
6585044
9723351
94622318
34112230
40296153
15951690
16406403
70061259
23850193
102273486
184143260
92869317
30728912
35811666
37793069
97962814
126765651
42472973
35335487
49817641
2064645
153841072
131080050
49068354
39652531
46957581
16692645
64816983
159897598
73868666
111506036
74998577
191506194
19826734
185762288
83130257
52722304
45147016
55273898
113682640
51975592
3712544
97917579
60906649
242292935
44349597
69991608
111882617
133747175
74478929
70286487
40407278
76184300
148383869
70638572
115946966
6579627
105280189
112372415
44810818
121217193
137551235
61020450
40508820
15919664
124100142
99664612
9583236
91988862
158427359
6759889
138706029
87486062
65299937
71470610
54073891
112416240
57001422
67681135
44195122
49797058
74823335
124361959
120088058
19595477
120843595
3712500
87569987
35311074
57781344
121724182
91164418
134119065
63205497
54934591
63393488
133629115
126168681
32996969
176058646
147595258
46452695
128791019
53391829
145646122
122459946
88685575
89113352
128516895
100433616
110978431
116610189
63545318
35740895
4510135
63829625
43706698
38751696
47901480
47945711
72417155
112712369
204017051
182226908
119222637
3505661
198169437
157328853
76994176
97916479
60638166
68276162
41463168
26952150
19668799
29080828
127347175
60916654
20997018
6403150
94141155
15463429
154247168
30388346
95242879
62295450
109934303
133335505
17046302
139991500
68028022
90963307
69314432
144343987
32962615
134208551
85785132
56141927
107133581
101260853
38515661
73176008
94839538
47729177
58696540
59698930
76418604
27094028
232706500
112416240
108972129
136829144
42472973
27711882
71241000
89535946
67128253
45343005
20334967
150690860
26168629
47921936
88524343
61522284
5786145
66381095
69381105
69455175
56668297
54842610
98129920
65130481
59764744
70699766
30018287
36632853
64670578
75482070
37822323
38120326
110637428
72313272
70910098
34029751
32769127
137016982
91660840
35187595
41360306
91878885
112010295
172369488
22493928
200327345
2901988
40897262
135927371
109805803
105059329
142130475
29236544
52335202
74337966
82644868
62148873
43113332
111473203
37695231
37431634
146251822
39141113
131481710
73516680
125908347
2964213
39372624
29267864
139146788
37070181
88506375
116707975
96332077
63627816
38131534
32935041
43406947
120242281
154218390
46462075
15704494
89230025
34670373
77312127
73246060
94148480
14537891
19323632
25832159
147833580
80397718
56511466
95368872
52410507
113228152
44197323
43701615
20844716
186844250
1327994
41108764
34661526
126964839
40900760
54708263
31327650
104423477
23162225
71184562
121541202
134108409
58654181
75183829
151271503
8867478
28781625
24574692
70443033
77748097
129199581
71498779
153651937
8006048
177243371
133471751
73864453
59960595
98933835
71062947
8312151
100263009
217383394
70278423
17274847
129927676
88102305
131754627
62690433
81669913
62703361
88800222
40795237
8061295
54413827
69901693
180435290
106329951
11524860
25628486
81904089
96672574
114700631
74648820
60602045
95303728
92990251
32976771
50375236
24042174
78299369
135927371
60654348
89206069
71567744
19287463
75201231
151166508
144765930
46812734
115729998
97581907
74540222
74203945
102921523
162363110
73596621
29381551
77242470
70420299
37070181
74540222
63404063
146831026
91082265
144614473
89310271
39748384
80812086
24817153
176264611
57355469
54029426
74862134
3797001
21059755
77457089
23059639
18406241
42902060
122081842
91760990
48240782
32499864
55228627
16592533
12431591
93312259
25971402
99486929
39988169
19139402
41053638
40935983
8159449
46751425
35555167
72697316
50589717
105176941
151670188
138920934
31011406
70661129
56848254
19981195
145740645
144798350
197710032
10027308
57121733
55836538
102921523
74648820
4920663
23708813
125332554
34951577
65022265
111449802
34849205
39278322
170642
104981
52142541
121798486
140581550
111125880
34985387
128170137
129345222
97746382
12978632
136331037
128629164
32918487
63730322
32909933
113108001
52234042
128213207
110208016
132499229
59077278
69333916
31573841
71039374
76901639
39638523
169884526
47975029
77041340
37994528
132850485
133319099
114004547
18565046
75061417
100773942
35737835
72220513
79405874
111328146
33238446
55021651
31428984
32514624
50767945
107704816
60438252
47682888
56217770
142508042
24965906
64325760
41996944
39163486
62637868
128073212
219472005
60071008
32057779
43665639
52719839
74437367
20047229
7765594
69303562
188869475
134976974
89409607
123896987
43696195
73797103
139008129
120247971
61729387
191935635
104679120
93418584
152474238
132160583
38391409
56505632
152385645
24817153
72660894
140718977
76455665
67183544
32139775
65062865
175249808
91878885
22561142
76284435
57781344
134535052
39907605
36832008
131163019
95682436
89609985
76133662
109388170
61933520
31036493
15631768
4949754
14724672
79737839
148275220
66846184
39596665
18895488
15380909
152442317
99064167
45718809
99827205
94682971
60926695
131428746
32493964
23578227
61920169
56931002
146669081
146669081
11941228
66959902
118876101
29739288
36364181
112825166
9796348
59979864
13496223
145205581
60199679
124711389
26322081
147149659
115610698
52203394
137284538
34989747
4795158
25004098
140207540
36777761
116917229
141304713
58863397
41641354
54204376
37874706
65116901
30306158
121541202
136994940
94875937
87342349
65106050
108055016
168186323
201094873
40196390
67131619
25314051
19815418
9108598
20517052
176583076
67130714
27328743
44910467
97902413
69283924
126674342
109757631
76811065
42730912
161093693
10393350
24778484
119369095
143126102
97825209
34242378
63530196
154221814
14071850
128399786
231046749
124787120
175607629
76004222
36065864
42046297
99691052
24980645
92883289
23202327
8307267
24471720
10457801
113117527
193520543
22465409
23822442
29880732
111594736
103730189
69165053
99828661
208452827
17099138
17111485
39907605
3245680
55084722
99256095
145388061
48560297
56862097
47537196
171560858
111968871
42781114
40435287
66190082
16269080
188568924
70418559
77004849
98129920
72828298
63348325
51937316
75211867
68031846
16439042
29200844
114174232
46598804
152716228
27925834
55946129
74991553
97849540
87041173
91451373
77238543
24394043
38763937
42892517
7486868
12683434
39199014
36290658
45911188
132166436
219871644
73401410
109220073
97404373
57172472
183994249
112510557
41817499
35059591
145503527
197984236
46006187
60223622
230857619
62775207
42778387
19190287
32483887
70699766
51594651
78126110
16239949
128188898
88709752
148799551
49133550
42549262
243676626
68091098
55244052
137725192
311431
51022352
45797977
140005244
234433395
52060245
19496533
21546015
27315206
59881895
61841654
7786503
110086864
13366136
97411863
10935260
16765785
845483
83367273
117777655
67503816
59983248
38238948
38439399
10466539
74307379
67895811
97413639
42308166
77748097
223126127
24603175
242335556
145251476
113711401
104102466
55864663
77748097
42311312
40833972
73367689
63768976
153339765
67538026
64640450
131765052
118840895
124579310
40109723
83708941
25810812
25628486
20571248
104958627
150973458
67186217
19139402
11836540
29340103
68528442
54271411
55244052
187176390
59474704
132395292
231856806
11642713
27692990
36189602
17606615
156898620
64423348
115025710
70289744
41730507
97743482
123998267
31677320
32944093
62690433
16179432
83411112
7415433
128922959
138784872
126702951
127933296
9533823
23697785
73636935
70553993
8346722
67879242
47307226
128002920
101247963
7283412
71476286
59754141
33558047
38675361
73983254
88511787
100556536
74951062
81428151
68683396
61047219
46528121
93293727
170178142
43470885
149817871
149925666
238489453
72224389
29267864
17542324
149935143
7084476
50236800
146831026
34448810
20154042
4872508
179595387
53943153
54105157
126827639
113451826
60045690
42023397
93685390
55064106
32028797
172310902
26491326
50568688
44943360
79408791
150137700
127682821
15151983
111037873
126566282
33573066
64611672
44212282
95071199
92966734
17073527
4120876
230833815
62285650
72606991
75256759
73719008
44484175
48848350
49515572
66361846
65023091
15875442
93157095
232423151
63844724
59827971
131237711
61430894
30378932
127626282
36679558
43880854
134532078
228162546
178083009
71402984
46653017
153627772
175489740
147516092
37502543
80744368
15738071
34860876
149926037
19313176
17766170
62139344
61473931
39583842
33476654
31223121
20222211
129061057
128422663
61529443
225873730
119676821
12244359
13218722
5473526
69222186
105570639
79830088
60384427
72187956
89502854
66203650
46297586
151134337
42247985
66139626
18361883
26059217
102622340
8435363
42599126
105988532
62921185
117988124
52528287
124196101
43403468
140996585
66254350
15233733
9088143
17577825
70271302
40948904
64609026
152029708
18145978
94444969
102870245
64241761
496462
33435366
19138531
70517879
100355247
98700463
1983004
22719220
94875937
168186323
87910903
153150945
104401444
177979839
5847190
104074529
32952248
75974591
55028895
75911924
89575654
53366860
119344487
87506171
50200427
2561604
124678287
85758479
43598053
35958794
25614478
95090674
104370179
190745931
12367958
15563334
162102008
13255925
88565003
97940981
219935733
66087509
129630325
37287934
40392871
123863040
118389378
15705767
37627268
69458562
78486748
45547794
27443162
11869735
93169108
37609275
4275040
100530058
26479926
20554189
63809906
78422025
46852852
21668019
109220073
40297406
53703538
69352246
62238795
20895888
70364121
109013809
22800965
119519870
33043899
55041676
64869824
146669081
106700073
88751665
128571618
36569646
93696433
28653478
153482826
77001171
37671234
224229871
70825751
38556448
90635269
119008461
29340103
19976122
200562406
4518322
170761840
48648899
88497858
47426181
74425036
126940433
27475753
151965722
46073183
75270305
27783892
145619811
79739647
26122469
71039374
8221567
93872630
201515152
2161698
8435363
74991553
32304489
61458164
112221905
44061041
112650901
96007376
88183851
75911924
132595824
99626333
17684910
58099552
3675706
10086689
59788242
181087815
6968505
176786388
88261762
66896837
25434178
31530036
97355691
121107357
3113411
17812697
28298419
59237504
44393960
49186781
25392694
84490291
60886198
102066823
57236036
71453256
10260007
131949565
25022149
19691487
16318639
5259434
75092570
89677412
47590504
9092758
41057603
136050761
76619857
18117971
94940890
114745054
27841434
100903023
52618842
6696744
94897077
23469913
58631285
42874420
7415433
110283037
36233900
99495225
100943774
6779649
74539594
430137
80569589
29080828
42258549
92742613
60437294
101214761
32952248
99916998
140555484
21850575
12518437
19288065
12780115
115995624
66059945
150744658
100353205
128988871
9807903
66140692
94940890
26538292
157091023
74825486
204017051
92661836
86272235
21321019
